Year	Population	Year	Forfathers	Year	Formothers
0	1000	0	1	0	1
100	1431	4397	1	7632	1
200	1515	5370	2	8336	2
300	1751	7389	3	8462	3
400	1896	8474	4	8536	4
500	1651	8600	5	8833	5
600	1661	8712	6	8837	6
700	1567	8814	7	8917	7
800	1430	8902	8	8923	8
900	1522	9009	9	9114	9
1000	1522	9065	10	9122	10
1100	1460	9094	11	9146	11
1200	1464	9162	12	9182	12
1300	1306	9162	13	9206	13
1400	1347	9216	14	9219	14
1500	1407	9236	15	9236	15
1600	1277	9245	16	9239	16
1700	1227	9247	17	9271	17
1800	1091	9249	18	9295	18
1900	1022	9276	19	9296	19
2000	927	9377	20	9328	20
2100	1044	9380	21	9335	21
2200	941	9390	22	9341	22
2300	1012	9436	23	9383	23
2400	1194	9445	24	9505	24
2500	1155	9463	25	9530	25
2600	1166	9479	26	9547	26
2700	1170	9483	27	9553	27
2800	1223	9500	28	9586	28
2900	1477	9505	29	9587	29
3000	1427	9525	30	9599	30
3100	1353	9528	31	9621	31
3200	1404	9531	32	9622	32
3300	1468	9585	33	9630	33
3400	1542	9591	34	9660	34
3500	1234	9604	35	9661	35
3600	1157	9625	36	9679	36
3700	1177	9631	37	9683	37
3800	1286	9634	38	9696	38
3900	1361	9651	39	9708	39
4000	1261	9653	40	9715	40
4100	1155	9662	41	9718	41
4200	1006	9664	42	9727	42
4300	900	9685	43	9731	43
4400	902	9696	44	9737	44
4500	860	9727	45	9743	45
4600	904	9728	46	9755	46
4700	852	9746	47	9759	47
4800	959	9759	48	9759	48
4900	858	9761	49	9763	49
5000	650	9762	50	9768	50
5100	733	9762	51	9771	51
5200	719	9769	52	9775	52
5300	661	9771	53	9790	53
5400	766	9773	54	9794	54
5500	690	9773	55	9795	55
5600	665	9779	56	9795	56
5700	836	9783	57	9796	57
5800	732	9790	58	9796	58
5900	758	9801	59	9797	59
6000	595	9803	60	9801	60
6100	523	9806	61	9807	61
6200	491	9807	62	9825	62
6300	577	9810	63	9827	63
6400	477	9812	64	9829	64
6500	488	9815	65	9831	65
6600	637	9815	66	9835	66
6700	607	9817	67	9835	67
6800	438	9819	68	9838	68
6900	481	9822	69	9838	69
7000	447	9824	70	9841	70
7100	307	9825	71	9841	71
7200	296	9825	72	9843	72
7300	300	9832	73	9846	73
7400	210	9834	74	9851	74
7500	152	9834	75	9853	75
7600	192	9835	76	9853	76
7700	143	9839	77	9857	77
7800	203	9840	78	9858	78
7900	204	9841	79	9858	79
8000	230	9842	80	9863	80
8100	337	9844	81	9864	81
8200	266	9846	82	9865	82
8300	197	9846	83	9867	83
8400	178	9847	84	9867	84
8500	217	9848	85	9868	85
8600	130	9849	86	9868	86
8700	176	9851	87	9868	87
8800	265	9853	88	9870	88
8900	240	9856	89	9870	89
9000	191	9858	90	9870	90
9100	249	9859	91	9872	91
9200	328	9861	92	9873	92
9300	459	9862	93	9874	93
9400	659	9863	94	9875	94
9500	704	9865	95	9875	95
9600	740	9866	96	9879	96
9700	667	9866	97	9879	97
9800	761	9867	98	9880	98
9900	731	9868	99	9881	99
10000	865	9869	100	9881	100
		9869	101	9882	101
		9869	102	9882	102
		9870	103	9882	103
		9871	104	9883	104
		9873	105	9884	105
		9873	106	9884	106
		9875	107	9886	107
		9878	108	9887	108
		9878	109	9887	109
		9879	110	9887	110
		9879	111	9889	111
		9879	112	9890	112
		9883	113	9890	113
		9883	114	9890	114
		9884	115	9891	115
		9884	116	9893	116
		9885	117	9893	117
		9886	118	9894	118
		9887	119	9894	119
		9889	120	9894	120
		9889	121	9894	121
		9890	122	9894	122
		9891	123	9896	123
		9891	124	9896	124
		9891	125	9897	125
		9891	126	9899	126
		9892	127	9899	127
		9892	128	9900	128
		9892	129	9901	129
		9892	130	9901	130
		9893	131	9902	131
		9893	132	9902	132
		9893	133	9903	133
		9894	134	9904	134
		9894	135	9904	135
		9895	136	9904	136
		9895	137	9905	137
		9895	138	9905	138
		9895	139	9905	139
		9896	140	9906	140
		9897	141	9907	141
		9897	142	9909	142
		9897	143	9910	143
		9898	144	9911	144
		9900	145	9912	145
		9902	146	9912	146
		9902	147	9913	147
		9903	148	9913	148
		9903	149	9914	149
		9903	150	9914	150
		9903	151	9914	151
		9904	152	9914	152
		9904	153	9915	153
		9906	154	9915	154
		9906	155	9915	155
		9908	156	9916	156
		9908	157	9916	157
		9908	158	9916	158
		9908	159	9916	159
		9909	160	9916	160
		9909	161	9917	161
		9910	162	9918	162
		9910	163	9919	163
		9910	164	9919	164
		9910	165	9919	165
		9911	166	9920	166
		9912	167	9920	167
		9913	168	9920	168
		9913	169	9920	169
		9915	170	9921	170
		9915	171	9921	171
		9916	172	9921	172
		9916	173	9921	173
		9918	174	9922	174
		9918	175	9923	175
		9918	176	9923	176
		9918	177	9924	177
		9919	178	9924	178
		9919	179	9924	179
		9919	180	9924	180
		9919	181	9924	181
		9920	182	9924	182
		9920	183	9924	183
		9920	184	9925	184
		9921	185	9925	185
		9922	186	9925	186
		9922	187	9925	187
		9922	188	9925	188
		9923	189	9925	189
		9923	190	9926	190
		9923	191	9926	191
		9924	192	9927	192
		9924	193	9927	193
		9924	194	9927	194
		9924	195	9927	195
		9924	196	9927	196
		9924	197	9927	197
		9924	198	9927	198
		9924	199	9928	199
		9924	200	9928	200
		9925	201	9928	201
		9925	202	9928	202
		9925	203	9928	203
		9925	204	9929	204
		9925	205	9929	205
		9925	206	9929	206
		9925	207	9929	207
		9926	208	9929	208
		9927	209	9929	209
		9927	210	9929	210
		9927	211	9930	211
		9927	212	9930	212
		9927	213	9930	213
		9928	214	9931	214
		9928	215	9932	215
		9928	216	9932	216
		9929	217	9932	217
		9929	218	9932	218
		9929	219	9933	219
		9930	220	9933	220
		9930	221	9933	221
		9931	222	9933	222
		9931	223	9933	223
		9932	224	9933	224
		9932	225	9934	225
		9932	226	9934	226
		9932	227	9934	227
		9932	228	9934	228
		9932	229	9934	229
		9933	230	9935	230
		9933	231	9935	231
		9933	232	9935	232
		9933	233	9935	233
		9933	234	9935	234
		9933	235	9935	235
		9933	236	9936	236
		9933	237	9936	237
		9933	238	9936	238
		9933	239	9936	239
		9933	240	9936	240
		9933	241	9936	241
		9934	242	9937	242
		9934	243	9937	243
		9935	244	9937	244
		9935	245	9937	245
		9935	246	9937	246
		9935	247	9938	247
		9935	248	9938	248
		9936	249	9938	249
		9936	250	9938	250
		9936	251	9938	251
		9937	252	9938	252
		9937	253	9938	253
		9937	254	9939	254
		9937	255	9939	255
		9938	256	9939	256
		9938	257	9939	257
		9938	258	9939	258
		9938	259	9939	259
		9938	260	9939	260
		9938	261	9939	261
		9938	262	9939	262
		9939	263	9939	263
		9939	264	9939	264
		9939	265	9939	265
		9939	266	9939	266
		9939	267	9939	267
		9939	268	9940	268
		9939	269	9940	269
		9939	270	9940	270
		9939	271	9941	271
		9940	272	9941	272
		9940	273	9942	273
		9940	274	9942	274
		9940	275	9942	275
		9940	276	9942	276
		9940	277	9942	277
		9940	278	9942	278
		9940	279	9942	279
		9941	280	9942	280
		9941	281	9942	281
		9941	282	9942	282
		9941	283	9942	283
		9941	284	9942	284
		9942	285	9942	285
		9942	286	9942	286
		9942	287	9942	287
		9942	288	9942	288
		9942	289	9943	289
		9942	290	9943	290
		9942	291	9943	291
		9942	292	9943	292
		9942	293	9943	293
		9942	294	9943	294
		9942	295	9943	295
		9942	296	9943	296
		9942	297	9943	297
		9942	298	9943	298
		9943	299	9943	299
		9943	300	9943	300
		9943	301	9944	301
		9943	302	9944	302
		9943	303	9944	303
		9943	304	9944	304
		9943	305	9944	305
		9943	306	9944	306
		9943	307	9944	307
		9943	308	9944	308
		9943	309	9945	309
		9943	310	9945	310
		9943	311	9945	311
		9943	312	9945	312
		9944	313	9945	313
		9944	314	9945	314
		9944	315	9945	315
		9944	316	9945	316
		9944	317	9945	317
		9944	318	9946	318
		9945	319	9946	319
		9945	320	9946	320
		9945	321	9947	321
		9945	322	9947	322
		9945	323	9947	323
		9945	324	9947	324
		9945	325	9948	325
		9945	326	9948	326
		9945	327	9948	327
		9945	328	9948	328
		9945	329	9948	329
		9946	330	9948	330
		9946	331	9948	331
		9946	332	9948	332
		9946	333	9948	333
		9947	334	9948	334
		9947	335	9948	335
		9947	336	9948	336
		9947	337	9948	337
		9947	338	9948	338
		9947	339	9949	339
		9947	340	9949	340
		9948	341	9949	341
		9948	342	9949	342
		9948	343	9949	343
		9948	344	9949	344
		9948	345	9949	345
		9948	346	9950	346
		9948	347	9950	347
		9948	348	9950	348
		9948	349	9950	349
		9948	350	9950	350
		9948	351	9950	351
		9948	352	9950	352
		9948	353	9950	353
		9948	354	9951	354
		9948	355	9951	355
		9948	356	9951	356
		9948	357	9951	357
		9948	358	9951	358
		9948	359	9951	359
		9949	360	9951	360
		9949	361	9951	361
		9949	362	9951	362
		9949	363	9951	363
		9949	364	9951	364
		9949	365	9951	365
		9950	366	9951	366
		9950	367	9952	367
		9950	368	9952	368
		9950	369	9952	369
		9950	370	9952	370
		9950	371	9952	371
		9950	372	9952	372
		9950	373	9953	373
		9950	374	9953	374
		9950	375	9953	375
		9951	376	9953	376
		9951	377	9953	377
		9951	378	9953	378
		9951	379	9953	379
		9951	380	9953	380
		9951	381	9953	381
		9951	382	9953	382
		9951	383	9953	383
		9951	384	9953	384
		9951	385	9953	385
		9951	386	9953	386
		9951	387	9953	387
		9952	388	9953	388
		9952	389	9954	389
		9952	390	9954	390
		9953	391	9954	391
		9953	392	9954	392
		9953	393	9955	393
		9953	394	9955	394
		9953	395	9955	395
		9953	396	9955	396
		9953	397	9955	397
		9953	398	9955	398
		9953	399	9955	399
		9953	400	9955	400
		9953	401	9955	401
		9953	402	9955	402
		9953	403	9955	403
		9953	404	9956	404
		9953	405	9956	405
		9953	406	9956	406
		9953	407	9956	407
		9954	408	9956	408
		9954	409	9956	409
		9954	410	9956	410
		9954	411	9956	411
		9954	412	9956	412
		9954	413	9956	413
		9954	414	9957	414
		9955	415	9957	415
		9955	416	9957	416
		9955	417	9957	417
		9955	418	9957	418
		9955	419	9957	419
		9955	420	9957	420
		9955	421	9957	421
		9955	422	9957	422
		9955	423	9957	423
		9955	424	9957	424
		9955	425	9957	425
		9955	426	9957	426
		9955	427	9957	427
		9955	428	9957	428
		9955	429	9958	429
		9955	430	9958	430
		9956	431	9958	431
		9956	432	9958	432
		9956	433	9958	433
		9956	434	9958	434
		9956	435	9958	435
		9956	436	9958	436
		9956	437	9958	437
		9956	438	9958	438
		9956	439	9958	439
		9956	440	9958	440
		9956	441	9958	441
		9956	442	9959	442
		9956	443	9959	443
		9957	444	9959	444
		9957	445	9959	445
		9957	446	9959	446
		9957	447	9959	447
		9957	448	9959	448
		9957	449	9959	449
		9957	450	9959	450
		9957	451	9959	451
		9957	452	9959	452
		9957	453	9959	453
		9958	454	9959	454
		9958	455	9960	455
		9958	456	9960	456
		9958	457	9960	457
		9958	458	9960	458
		9958	459	9960	459
		9958	460	9960	460
		9958	461	9960	461
		9958	462	9960	462
		9959	463	9960	463
		9959	464	9960	464
		9959	465	9960	465
		9959	466	9960	466
		9959	467	9960	467
		9959	468	9960	468
		9959	469	9960	469
		9959	470	9960	470
		9959	471	9960	471
		9959	472	9960	472
		9959	473	9960	473
		9959	474	9960	474
		9960	475	9961	475
		9960	476	9961	476
		9960	477	9961	477
		9960	478	9961	478
		9960	479	9961	479
		9960	480	9961	480
		9960	481	9961	481
		9960	482	9961	482
		9960	483	9961	483
		9960	484	9961	484
		9960	485	9961	485
		9960	486	9962	486
		9961	487	9962	487
		9961	488	9962	488
		9961	489	9962	489
		9961	490	9962	490
		9961	491	9962	491
		9961	492	9962	492
		9961	493	9962	493
		9962	494	9962	494
		9962	495	9962	495
		9962	496	9962	496
		9962	497	9962	497
		9962	498	9963	498
		9962	499	9963	499
		9962	500	9963	500
		9962	501	9963	501
		9962	502	9963	502
		9962	503	9963	503
		9962	504	9963	504
		9962	505	9963	505
		9962	506	9963	506
		9962	507	9963	507
		9962	508	9963	508
		9962	509	9963	509
		9963	510	9963	510
		9963	511	9963	511
		9963	512	9963	512
		9963	513	9964	513
		9963	514	9964	514
		9963	515	9964	515
		9963	516	9964	516
		9963	517	9964	517
		9963	518	9964	518
		9963	519	9964	519
		9963	520	9964	520
		9963	521	9964	521
		9963	522	9964	522
		9963	523	9964	523
		9963	524	9964	524
		9964	525	9964	525
		9964	526	9964	526
		9964	527	9964	527
		9964	528	9964	528
		9964	529	9964	529
		9964	530	9965	530
		9964	531	9965	531
		9964	532	9965	532
		9964	533	9965	533
		9964	534	9965	534
		9964	535	9965	535
		9964	536	9965	536
		9964	537	9965	537
		9964	538	9965	538
		9964	539	9965	539
		9964	540	9965	540
		9965	541	9965	541
		9965	542	9965	542
		9965	543	9965	543
		9965	544	9965	544
		9965	545	9965	545
		9965	546	9965	546
		9965	547	9966	547
		9965	548	9966	548
		9965	549	9966	549
		9965	550	9966	550
		9965	551	9966	551
		9965	552	9966	552
		9965	553	9966	553
		9965	554	9966	554
		9965	555	9967	555
		9965	556	9967	556
		9965	557	9967	557
		9965	558	9967	558
		9965	559	9967	559
		9965	560	9967	560
		9965	561	9967	561
		9965	562	9967	562
		9965	563	9967	563
		9965	564	9967	564
		9966	565	9967	565
		9966	566	9967	566
		9966	567	9967	567
		9966	568	9968	568
		9966	569	9968	569
		9966	570	9968	570
		9966	571	9968	571
		9967	572	9968	572
		9967	573	9968	573
		9967	574	9968	574
		9967	575	9968	575
		9967	576	9968	576
		9967	577	9968	577
		9967	578	9968	578
		9967	579	9968	579
		9968	580	9969	580
		9968	581	9969	581
		9968	582	9969	582
		9968	583	9969	583
		9968	584	9969	584
		9968	585	9969	585
		9968	586	9969	586
		9968	587	9970	587
		9968	588	9970	588
		9968	589	9970	589
		9968	590	9970	590
		9968	591	9970	591
		9969	592	9970	592
		9969	593	9970	593
		9969	594	9970	594
		9969	595	9970	595
		9969	596	9970	596
		9969	597	9970	597
		9969	598	9970	598
		9969	599	9970	599
		9969	600	9970	600
		9969	601	9970	601
		9970	602	9970	602
		9970	603	9970	603
		9970	604	9971	604
		9970	605	9971	605
		9970	606	9971	606
		9970	607	9971	607
		9970	608	9971	608
		9970	609	9971	609
		9970	610	9971	610
		9970	611	9971	611
		9970	612	9971	612
		9970	613	9971	613
		9970	614	9971	614
		9970	615	9971	615
		9970	616	9971	616
		9970	617	9971	617
		9970	618	9971	618
		9970	619	9971	619
		9970	620	9971	620
		9970	621	9972	621
		9971	622	9972	622
		9971	623	9972	623
		9971	624	9972	624
		9971	625	9972	625
		9971	626	9972	626
		9971	627	9972	627
		9971	628	9973	628
		9971	629	9973	629
		9971	630	9973	630
		9971	631	9973	631
		9971	632	9973	632
		9971	633	9973	633
		9971	634	9973	634
		9971	635	9973	635
		9971	636	9973	636
		9971	637	9973	637
		9971	638	9973	638
		9971	639	9973	639
		9972	640	9973	640
		9972	641	9974	641
		9972	642	9974	642
		9972	643	9974	643
		9972	644	9974	644
		9972	645	9974	645
		9973	646	9974	646
		9973	647	9974	647
		9973	648	9974	648
		9973	649	9974	649
		9973	650	9974	650
		9973	651	9974	651
		9973	652	9974	652
		9973	653	9975	653
		9973	654	9975	654
		9974	655	9975	655
		9974	656	9975	656
		9974	657	9975	657
		9974	658	9975	658
		9974	659	9975	659
		9974	660	9975	660
		9974	661	9975	661
		9974	662	9976	662
		9974	663	9976	663
		9974	664	9976	664
		9974	665	9976	665
		9974	666	9976	666
		9974	667	9976	667
		9975	668	9976	668
		9975	669	9976	669
		9975	670	9976	670
		9975	671	9976	671
		9975	672	9976	672
		9975	673	9976	673
		9975	674	9976	674
		9975	675	9976	675
		9976	676	9976	676
		9976	677	9976	677
		9976	678	9977	678
		9976	679	9977	679
		9976	680	9977	680
		9976	681	9977	681
		9976	682	9977	682
		9976	683	9977	683
		9976	684	9977	684
		9976	685	9977	685
		9976	686	9977	686
		9976	687	9978	687
		9977	688	9978	688
		9977	689	9978	689
		9977	690	9978	690
		9977	691	9978	691
		9977	692	9978	692
		9977	693	9978	693
		9977	694	9978	694
		9977	695	9978	695
		9978	696	9979	696
		9978	697	9979	697
		9978	698	9979	698
		9978	699	9979	699
		9978	700	9979	700
		9978	701	9979	701
		9978	702	9979	702
		9978	703	9979	703
		9978	704	9979	704
		9978	705	9979	705
		9978	706	9979	706
		9979	707	9979	707
		9979	708	9979	708
		9979	709	9979	709
		9979	710	9980	710
		9979	711	9980	711
		9979	712	9980	712
		9979	713	9980	713
		9979	714	9980	714
		9979	715	9980	715
		9980	716	9980	716
		9980	717	9980	717
		9980	718	9980	718
		9980	719	9980	719
		9980	720	9981	720
		9980	721	9981	721
		9980	722	9981	722
		9980	723	9981	723
		9980	724	9981	724
		9981	725	9981	725
		9981	726	9981	726
		9981	727	9981	727
		9981	728	9981	728
		9981	729	9981	729
		9981	730	9981	730
		9981	731	9981	731
		9981	732	9981	732
		9981	733	9981	733
		9981	734	9982	734
		9981	735	9982	735
		9981	736	9982	736
		9982	737	9982	737
		9982	738	9982	738
		9982	739	9982	739
		9982	740	9982	740
		9982	741	9982	741
		9982	742	9982	742
		9982	743	9983	743
		9982	744	9983	744
		9982	745	9983	745
		9982	746	9983	746
		9982	747	9983	747
		9983	748	9983	748
		9983	749	9983	749
		9983	750	9983	750
		9983	751	9983	751
		9983	752	9983	752
		9983	753	9983	753
		9983	754	9983	754
		9983	755	9983	755
		9983	756	9983	756
		9983	757	9983	757
		9983	758	9983	758
		9983	759	9983	759
		9983	760	9984	760
		9983	761	9984	761
		9983	762	9984	762
		9983	763	9984	763
		9984	764	9984	764
		9984	765	9984	765
		9984	766	9984	766
		9984	767	9984	767
		9984	768	9984	768
		9984	769	9984	769
		9984	770	9985	770
		9984	771	9985	771
		9984	772	9985	772
		9984	773	9985	773
		9985	774	9985	774
		9985	775	9985	775
		9985	776	9985	776
		9985	777	9985	777
		9985	778	9985	778
		9985	779	9985	779
		9985	780	9985	780
		9985	781	9985	781
		9985	782	9985	782
		9985	783	9985	783
		9985	784	9985	784
		9985	785	9986	785
		9985	786	9986	786
		9985	787	9986	787
		9985	788	9986	788
		9986	789	9986	789
		9986	790	9986	790
		9986	791	9986	791
		9986	792	9986	792
		9986	793	9987	793
		9986	794	9987	794
		9986	795	9987	795
		9987	796	9987	796
		9987	797	9987	797
		9987	798	9987	798
		9987	799	9987	799
		9987	800	9987	800
		9987	801	9987	801
		9987	802	9987	802
		9987	803	9988	803
		9987	804	9988	804
		9988	805	9988	805
		9988	806	9988	806
		9988	807	9988	807
		9988	808	9989	808
		9989	809	9989	809
		9989	810	9989	810
		9989	811	9989	811
		9989	812	9989	812
		9989	813	9989	813
		9989	814	9989	814
		9989	815	9989	815
		9989	816	9989	816
		9989	817	9989	817
		9989	818	9989	818
		9989	819	9989	819
		9989	820	9989	820
		9989	821	9990	821
		9989	822	9990	822
		9990	823	9990	823
		9990	824	9990	824
		9990	825	9990	825
		9990	826	9990	826
		9990	827	9990	827
		9990	828	9990	828
		9991	829	9991	829
		9991	830	9991	830
		9991	831	9991	831
		9991	832	9991	832
		9991	833	9991	833
		9992	834	9991	834
		9992	835	9991	835
		9992	836	9992	836
		9992	837	9992	837
		9992	838	9992	838
		9992	839	9992	839
		9993	840	9992	840
		9994	841	9992	841
		9994	842	9994	842
		9994	843	9994	843
		9994	844	9994	844
		9994	845	9994	845
		9994	846	9994	846
		9995	847	9994	847
		9995	848	9994	848
		9995	849	9995	849
		9995	850	9995	850
		9995	851	9995	851
		9995	852	9995	852
		9996	853	9995	853
		9996	854	9996	854
		9996	855	9996	855
		9996	856	9996	856
		9997	857	9996	857
		9997	858	9997	858
		9997	859	9997	859
		9997	860	9997	860
		9997	861	9997	861
		9998	862	9998	862
