Year	Forefathers
0	1
23076	1
27017	2
28049	3
30755	4
31343	5
31943	6
32878	7
35589	8
40267	9
40573	10
40776	11
40968	12
40995	13
41506	14
41572	15
41689	16
42475	17
42477	18
42671	19
43052	20
43090	21
43662	22
43853	23
44328	24
44492	25
44600	26
44659	27
44751	28
44778	29
44830	30
45022	31
45185	32
45193	33
45847	34
45986	35
46039	36
46081	37
46231	38
46302	39
46315	40
46346	41
46387	42
46422	43
46433	44
46734	45
46801	46
46889	47
46973	48
46981	49
47031	50
47054	51
47077	52
47096	53
47136	54
47156	55
47229	56
47244	57
47315	58
47367	59
47448	60
47473	61
47506	62
47555	63
47568	64
47599	65
47604	66
47658	67
47660	68
47722	69
47730	70
47754	71
47812	72
47860	73
47884	74
47894	75
48043	76
48045	77
48055	78
48094	79
48125	80
48155	81
48175	82
48273	83
48349	84
48408	85
48497	86
48499	87
48508	88
48513	89
48513	90
48523	91
48523	92
48532	93
48595	94
48595	95
48638	96
48653	97
48681	98
48682	99
48700	100
48706	101
48709	102
48715	103
48726	104
48730	105
48759	106
48768	107
48784	108
48795	109
48815	110
48823	111
48836	112
48850	113
48850	114
48858	115
48864	116
48866	117
48882	118
48894	119
48907	120
48910	121
48914	122
48944	123
48945	124
48947	125
48951	126
48955	127
48970	128
48974	129
48977	130
48997	131
48997	132
49009	133
49022	134
49028	135
49030	136
49033	137
49052	138
49055	139
49057	140
49060	141
49065	142
49068	143
49073	144
49076	145
49084	146
49095	147
49098	148
49102	149
49121	150
49137	151
49145	152
49148	153
49150	154
49162	155
49172	156
49175	157
49192	158
49192	159
49195	160
49198	161
49200	162
49202	163
49203	164
49204	165
49212	166
49216	167
49220	168
49225	169
49227	170
49229	171
49238	172
49241	173
49249	174
49252	175
49255	176
49268	177
49273	178
49276	179
49278	180
49279	181
49293	182
49294	183
49296	184
49304	185
49309	186
49309	187
49312	188
49316	189
49316	190
49319	191
49328	192
49331	193
49333	194
49333	195
49335	196
49335	197
49335	198
49345	199
49345	200
49346	201
49346	202
49361	203
49370	204
49373	205
49378	206
49380	207
49384	208
49385	209
49388	210
49388	211
49391	212
49391	213
49397	214
49398	215
49403	216
49405	217
49406	218
49412	219
49414	220
49419	221
49420	222
49429	223
49429	224
49431	225
49432	226
49435	227
49436	228
49438	229
49445	230
49448	231
49457	232
49461	233
49463	234
49464	235
49464	236
49465	237
49470	238
49476	239
49477	240
49478	241
49479	242
49480	243
49482	244
49485	245
49486	246
49489	247
49490	248
49497	249
49501	250
49502	251
49502	252
49505	253
49507	254
49507	255
49508	256
49508	257
49510	258
49513	259
49514	260
49515	261
49515	262
49516	263
49517	264
49518	265
49520	266
49521	267
49521	268
49523	269
49525	270
49531	271
49533	272
49536	273
49537	274
49540	275
49540	276
49541	277
49541	278
49546	279
49547	280
49548	281
49549	282
49550	283
49551	284
49552	285
49553	286
49554	287
49555	288
49555	289
49557	290
49558	291
49559	292
49559	293
49560	294
49560	295
49566	296
49566	297
49570	298
49571	299
49571	300
49574	301
49575	302
49577	303
49578	304
49579	305
49581	306
49583	307
49583	308
49586	309
49587	310
49588	311
49592	312
49595	313
49598	314
49599	315
49601	316
49601	317
49604	318
49605	319
49606	320
49606	321
49607	322
49608	323
49609	324
49611	325
49612	326
49618	327
49622	328
49622	329
49622	330
49626	331
49626	332
49627	333
49628	334
49629	335
49632	336
49633	337
49634	338
49635	339
49636	340
49637	341
49637	342
49640	343
49641	344
49641	345
49641	346
49642	347
49643	348
49644	349
49645	350
49645	351
49645	352
49645	353
49646	354
49646	355
49647	356
49648	357
49648	358
49649	359
49650	360
49652	361
49654	362
49657	363
49658	364
49658	365
49659	366
49659	367
49659	368
49660	369
49662	370
49663	371
49664	372
49664	373
49665	374
49665	375
49666	376
49666	377
49667	378
49668	379
49669	380
49671	381
49672	382
49673	383
49673	384
49674	385
49675	386
49675	387
49676	388
49676	389
49676	390
49676	391
49677	392
49677	393
49679	394
49680	395
49680	396
49681	397
49681	398
49681	399
49682	400
49682	401
49682	402
49682	403
49683	404
49683	405
49686	406
49687	407
49688	408
49689	409
49689	410
49689	411
49690	412
49690	413
49692	414
49692	415
49692	416
49693	417
49694	418
49695	419
49696	420
49698	421
49698	422
49698	423
49698	424
49699	425
49699	426
49699	427
49700	428
49701	429
49701	430
49703	431
49705	432
49705	433
49705	434
49706	435
49706	436
49707	437
49707	438
49708	439
49709	440
49709	441
49711	442
49711	443
49712	444
49714	445
49714	446
49715	447
49716	448
49716	449
49716	450
49717	451
49721	452
49722	453
49722	454
49723	455
49724	456
49724	457
49724	458
49725	459
49725	460
49726	461
49726	462
49727	463
49727	464
49728	465
49729	466
49732	467
49733	468
49733	469
49735	470
49735	471
49737	472
49737	473
49738	474
49740	475
49741	476
49741	477
49741	478
49741	479
49741	480
49742	481
49743	482
49744	483
49744	484
49744	485
49745	486
49745	487
49745	488
49746	489
49746	490
49747	491
49748	492
49748	493
49749	494
49749	495
49750	496
49752	497
49752	498
49752	499
49752	500
49752	501
49754	502
49755	503
49756	504
49756	505
49756	506
49757	507
49758	508
49758	509
49759	510
49760	511
49760	512
49760	513
49762	514
49762	515
49763	516
49763	517
49764	518
49765	519
49766	520
49767	521
49767	522
49767	523
49767	524
49768	525
49769	526
49769	527
49770	528
49770	529
49770	530
49770	531
49771	532
49771	533
49773	534
49774	535
49774	536
49775	537
49775	538
49776	539
49777	540
49777	541
49778	542
49778	543
49780	544
49780	545
49780	546
49780	547
49781	548
49782	549
49782	550
49783	551
49783	552
49783	553
49783	554
49783	555
49785	556
49785	557
49786	558
49786	559
49786	560
49787	561
49787	562
49787	563
49787	564
49788	565
49788	566
49789	567
49789	568
49790	569
49791	570
49792	571
49792	572
49794	573
49795	574
49795	575
49796	576
49796	577
49796	578
49796	579
49796	580
49797	581
49798	582
49798	583
49798	584
49798	585
49799	586
49799	587
49799	588
49800	589
49800	590
49800	591
49800	592
49801	593
49801	594
49801	595
49801	596
49802	597
49802	598
49803	599
49804	600
49805	601
49805	602
49805	603
49805	604
49806	605
49806	606
49806	607
49806	608
49806	609
49806	610
49807	611
49808	612
49809	613
49809	614
49810	615
49810	616
49811	617
49811	618
49811	619
49811	620
49812	621
49813	622
49813	623
49813	624
49813	625
49814	626
49814	627
49814	628
49816	629
49816	630
49816	631
49817	632
49817	633
49817	634
49818	635
49818	636
49818	637
49818	638
49819	639
49820	640
49820	641
49820	642
49820	643
49820	644
49820	645
49820	646
49820	647
49821	648
49821	649
49822	650
49822	651
49822	652
49822	653
49822	654
49822	655
49822	656
49823	657
49823	658
49823	659
49823	660
49823	661
49825	662
49825	663
49826	664
49826	665
49826	666
49827	667
49827	668
49827	669
49827	670
49829	671
49829	672
49829	673
49829	674
49830	675
49830	676
49830	677
49830	678
49831	679
49831	680
49832	681
49832	682
49833	683
49833	684
49834	685
49834	686
49834	687
49834	688
49834	689
49834	690
49835	691
49835	692
49835	693
49835	694
49836	695
49836	696
49836	697
49836	698
49836	699
49837	700
49837	701
49837	702
49838	703
49838	704
49838	705
49838	706
49838	707
49839	708
49839	709
49839	710
49840	711
49840	712
49840	713
49840	714
49840	715
49840	716
49841	717
49842	718
49842	719
49843	720
49843	721
49843	722
49843	723
49844	724
49844	725
49845	726
49845	727
49845	728
49846	729
49846	730
49846	731
49846	732
49846	733
49846	734
49847	735
49847	736
49847	737
49847	738
49848	739
49848	740
49848	741
49849	742
49849	743
49850	744
49850	745
49850	746
49850	747
49850	748
49850	749
49850	750
49851	751
49851	752
49851	753
49851	754
49852	755
49852	756
49852	757
49852	758
49853	759
49853	760
49853	761
49853	762
49853	763
49854	764
49854	765
49854	766
49854	767
49854	768
49854	769
49855	770
49855	771
49855	772
49855	773
49856	774
49856	775
49856	776
49856	777
49857	778
49857	779
49857	780
49858	781
49858	782
49858	783
49858	784
49858	785
49859	786
49859	787
49859	788
49859	789
49860	790
49860	791
49860	792
49860	793
49860	794
49860	795
49861	796
49861	797
49862	798
49862	799
49862	800
49862	801
49862	802
49862	803
49862	804
49863	805
49863	806
49863	807
49863	808
49863	809
49863	810
49863	811
49864	812
49864	813
49864	814
49864	815
49864	816
49865	817
49865	818
49865	819
49865	820
49865	821
49865	822
49866	823
49866	824
49866	825
49866	826
49866	827
49866	828
49867	829
49867	830
49867	831
49867	832
49867	833
49867	834
49867	835
49867	836
49868	837
49868	838
49868	839
49868	840
49868	841
49868	842
49869	843
49869	844
49869	845
49869	846
49870	847
49870	848
49870	849
49870	850
49870	851
49871	852
49871	853
49871	854
49871	855
49871	856
49871	857
49872	858
49872	859
49872	860
49872	861
49873	862
49873	863
49873	864
49873	865
49873	866
49873	867
49873	868
49874	869
49874	870
49874	871
49874	872
49874	873
49874	874
49875	875
49875	876
49875	877
49875	878
49876	879
49876	880
49876	881
49876	882
49876	883
49876	884
49876	885
49876	886
49876	887
49876	888
49876	889
49877	890
49877	891
49877	892
49877	893
49877	894
49877	895
49877	896
49877	897
49877	898
49878	899
49878	900
49878	901
49878	902
49878	903
49879	904
49879	905
49879	906
49879	907
49879	908
49879	909
49879	910
49879	911
49880	912
49880	913
49880	914
49880	915
49880	916
49881	917
49881	918
49881	919
49881	920
49881	921
49881	922
49882	923
49882	924
49882	925
49882	926
49882	927
49882	928
49882	929
49883	930
49883	931
49883	932
49883	933
49883	934
49883	935
49883	936
49883	937
49884	938
49884	939
49884	940
49885	941
49885	942
49885	943
49885	944
49885	945
49886	946
49886	947
49886	948
49886	949
49886	950
49887	951
49887	952
49887	953
49888	954
49888	955
49888	956
49888	957
49888	958
49888	959
49889	960
49889	961
49889	962
49889	963
49889	964
49890	965
49890	966
49890	967
49890	968
49891	969
49891	970
49891	971
49891	972
49891	973
49892	974
49892	975
49892	976
49892	977
49892	978
49892	979
49892	980
49892	981
49893	982
49893	983
49893	984
49893	985
49893	986
49893	987
49893	988
49893	989
49893	990
49894	991
49894	992
49894	993
49894	994
49894	995
49894	996
49894	997
49894	998
49894	999
49895	1000
49895	1001
49895	1002
49895	1003
49895	1004
49895	1005
49896	1006
49896	1007
49896	1008
49896	1009
49896	1010
49896	1011
49897	1012
49897	1013
49897	1014
49897	1015
49897	1016
49897	1017
49897	1018
49897	1019
49897	1020
49897	1021
49898	1022
49898	1023
49898	1024
49898	1025
49898	1026
49898	1027
49898	1028
49898	1029
49898	1030
49899	1031
49899	1032
49899	1033
49899	1034
49899	1035
49899	1036
49899	1037
49899	1038
49900	1039
49900	1040
49900	1041
49900	1042
49900	1043
49900	1044
49901	1045
49901	1046
49901	1047
49901	1048
49901	1049
49901	1050
49902	1051
49902	1052
49902	1053
49902	1054
49902	1055
49902	1056
49902	1057
49902	1058
49902	1059
49902	1060
49902	1061
49902	1062
49902	1063
49902	1064
49903	1065
49903	1066
49903	1067
49903	1068
49903	1069
49903	1070
49903	1071
49903	1072
49904	1073
49904	1074
49904	1075
49904	1076
49904	1077
49904	1078
49904	1079
49904	1080
49904	1081
49905	1082
49905	1083
49905	1084
49905	1085
49905	1086
49905	1087
49905	1088
49905	1089
49905	1090
49906	1091
49906	1092
49906	1093
49906	1094
49906	1095
49906	1096
49906	1097
49906	1098
49906	1099
49907	1100
49907	1101
49907	1102
49907	1103
49907	1104
49907	1105
49907	1106
49907	1107
49907	1108
49907	1109
49907	1110
49907	1111
49907	1112
49907	1113
49908	1114
49908	1115
49908	1116
49908	1117
49908	1118
49908	1119
49908	1120
49909	1121
49909	1122
49909	1123
49909	1124
49909	1125
49909	1126
49909	1127
49909	1128
49909	1129
49909	1130
49909	1131
49909	1132
49909	1133
49909	1134
49909	1135
49909	1136
49910	1137
49910	1138
49910	1139
49910	1140
49910	1141
49910	1142
49910	1143
49910	1144
49911	1145
49911	1146
49911	1147
49911	1148
49911	1149
49911	1150
49911	1151
49912	1152
49912	1153
49912	1154
49912	1155
49912	1156
49913	1157
49913	1158
49913	1159
49913	1160
49914	1161
49914	1162
49914	1163
49914	1164
49914	1165
49914	1166
49914	1167
49914	1168
49915	1169
49915	1170
49915	1171
49915	1172
49915	1173
49915	1174
49915	1175
49915	1176
49915	1177
49915	1178
49915	1179
49915	1180
49915	1181
49916	1182
49916	1183
49916	1184
49916	1185
49916	1186
49916	1187
49916	1188
49916	1189
49916	1190
49916	1191
49916	1192
49917	1193
49917	1194
49917	1195
49917	1196
49917	1197
49917	1198
49917	1199
49917	1200
49917	1201
49917	1202
49917	1203
49917	1204
49918	1205
49918	1206
49918	1207
49918	1208
49918	1209
49918	1210
49918	1211
49918	1212
49918	1213
49918	1214
49918	1215
49918	1216
49918	1217
49918	1218
49918	1219
49918	1220
49918	1221
49919	1222
49919	1223
49919	1224
49919	1225
49919	1226
49919	1227
49919	1228
49919	1229
49919	1230
49919	1231
49919	1232
49919	1233
49919	1234
49920	1235
49920	1236
49920	1237
49920	1238
49920	1239
49920	1240
49920	1241
49920	1242
49920	1243
49920	1244
49920	1245
49921	1246
49921	1247
49921	1248
49921	1249
49921	1250
49921	1251
49921	1252
49921	1253
49921	1254
49921	1255
49921	1256
49921	1257
49921	1258
49921	1259
49921	1260
49922	1261
49922	1262
49922	1263
49922	1264
49922	1265
49922	1266
49922	1267
49922	1268
49922	1269
49922	1270
49922	1271
49922	1272
49922	1273
49923	1274
49923	1275
49923	1276
49923	1277
49923	1278
49923	1279
49923	1280
49923	1281
49923	1282
49923	1283
49923	1284
49923	1285
49923	1286
49923	1287
49923	1288
49924	1289
49924	1290
49924	1291
49924	1292
49924	1293
49924	1294
49924	1295
49924	1296
49924	1297
49924	1298
49924	1299
49924	1300
49924	1301
49924	1302
49924	1303
49924	1304
49924	1305
49924	1306
49924	1307
49924	1308
49925	1309
49925	1310
49925	1311
49925	1312
49925	1313
49925	1314
49925	1315
49925	1316
49926	1317
49926	1318
49926	1319
49926	1320
49926	1321
49926	1322
49926	1323
49926	1324
49926	1325
49926	1326
49926	1327
49926	1328
49926	1329
49926	1330
49926	1331
49926	1332
49926	1333
49926	1334
49926	1335
49926	1336
49926	1337
49926	1338
49927	1339
49927	1340
49927	1341
49927	1342
49927	1343
49927	1344
49927	1345
49927	1346
49927	1347
49927	1348
49927	1349
49927	1350
49927	1351
49927	1352
49927	1353
49927	1354
49927	1355
49927	1356
49928	1357
49928	1358
49928	1359
49928	1360
49928	1361
49928	1362
49928	1363
49928	1364
49928	1365
49928	1366
49928	1367
49928	1368
49928	1369
49928	1370
49928	1371
49928	1372
49929	1373
49929	1374
49929	1375
49929	1376
49929	1377
49929	1378
49929	1379
49929	1380
49929	1381
49929	1382
49929	1383
49929	1384
49929	1385
49929	1386
49929	1387
49929	1388
49929	1389
49929	1390
49929	1391
49929	1392
49929	1393
49930	1394
49930	1395
49930	1396
49930	1397
49930	1398
49930	1399
49930	1400
49930	1401
49930	1402
49930	1403
49930	1404
49930	1405
49930	1406
49930	1407
49930	1408
49930	1409
49930	1410
49930	1411
49930	1412
49930	1413
49930	1414
49930	1415
49930	1416
49931	1417
49931	1418
49931	1419
49931	1420
49931	1421
49931	1422
49931	1423
49931	1424
49931	1425
49931	1426
49931	1427
49931	1428
49931	1429
49931	1430
49931	1431
49931	1432
49931	1433
49932	1434
49932	1435
49932	1436
49932	1437
49932	1438
49932	1439
49932	1440
49932	1441
49932	1442
49932	1443
49932	1444
49932	1445
49932	1446
49932	1447
49932	1448
49932	1449
49932	1450
49932	1451
49932	1452
49933	1453
49933	1454
49933	1455
49933	1456
49933	1457
49933	1458
49933	1459
49933	1460
49933	1461
49933	1462
49933	1463
49933	1464
49934	1465
49934	1466
49934	1467
49934	1468
49934	1469
49934	1470
49934	1471
49934	1472
49934	1473
49934	1474
49934	1475
49934	1476
49934	1477
49934	1478
49934	1479
49934	1480
49934	1481
49934	1482
49934	1483
49934	1484
49934	1485
49934	1486
49934	1487
49934	1488
49934	1489
49934	1490
49934	1491
49934	1492
49934	1493
49935	1494
49935	1495
49935	1496
49935	1497
49935	1498
49935	1499
49935	1500
49935	1501
49935	1502
49935	1503
49935	1504
49935	1505
49935	1506
49935	1507
49935	1508
49935	1509
49935	1510
49935	1511
49935	1512
49935	1513
49935	1514
49935	1515
49935	1516
49935	1517
49936	1518
49936	1519
49936	1520
49936	1521
49936	1522
49936	1523
49936	1524
49936	1525
49936	1526
49936	1527
49936	1528
49936	1529
49936	1530
49936	1531
49936	1532
49936	1533
49936	1534
49936	1535
49936	1536
49936	1537
49936	1538
49936	1539
49936	1540
49936	1541
49936	1542
49936	1543
49936	1544
49936	1545
49936	1546
49936	1547
49936	1548
49936	1549
49936	1550
49936	1551
49936	1552
49936	1553
49936	1554
49936	1555
49937	1556
49937	1557
49937	1558
49937	1559
49937	1560
49937	1561
49937	1562
49937	1563
49937	1564
49937	1565
49937	1566
49937	1567
49937	1568
49937	1569
49937	1570
49937	1571
49937	1572
49937	1573
49937	1574
49937	1575
49937	1576
49937	1577
49937	1578
49937	1579
49937	1580
49937	1581
49937	1582
49937	1583
49937	1584
49937	1585
49937	1586
49937	1587
49937	1588
49937	1589
49937	1590
49938	1591
49938	1592
49938	1593
49938	1594
49938	1595
49938	1596
49938	1597
49938	1598
49938	1599
49938	1600
49938	1601
49938	1602
49938	1603
49938	1604
49938	1605
49938	1606
49938	1607
49938	1608
49938	1609
49938	1610
49938	1611
49938	1612
49938	1613
49938	1614
49938	1615
49938	1616
49938	1617
49938	1618
49938	1619
49938	1620
49938	1621
49939	1622
49939	1623
49939	1624
49939	1625
49939	1626
49939	1627
49939	1628
49939	1629
49939	1630
49939	1631
49939	1632
49939	1633
49939	1634
49939	1635
49939	1636
49939	1637
49939	1638
49939	1639
49939	1640
49939	1641
49939	1642
49939	1643
49939	1644
49939	1645
49939	1646
49939	1647
49939	1648
49939	1649
49939	1650
49939	1651
49939	1652
49939	1653
49939	1654
49939	1655
49939	1656
49939	1657
49939	1658
49939	1659
49939	1660
49940	1661
49940	1662
49940	1663
49940	1664
49940	1665
49940	1666
49940	1667
49940	1668
49940	1669
49940	1670
49940	1671
49940	1672
49940	1673
49940	1674
49940	1675
49940	1676
49940	1677
49940	1678
49940	1679
49940	1680
49940	1681
49940	1682
49940	1683
49940	1684
49940	1685
49940	1686
49940	1687
49940	1688
49940	1689
49940	1690
49941	1691
49941	1692
49941	1693
49941	1694
49941	1695
49941	1696
49941	1697
49941	1698
49941	1699
49941	1700
49941	1701
49941	1702
49941	1703
49941	1704
49941	1705
49941	1706
49941	1707
49941	1708
49941	1709
49941	1710
49941	1711
49941	1712
49941	1713
49941	1714
49941	1715
49941	1716
49941	1717
49941	1718
49941	1719
49941	1720
49941	1721
49941	1722
49942	1723
49942	1724
49942	1725
49942	1726
49942	1727
49942	1728
49942	1729
49942	1730
49942	1731
49942	1732
49942	1733
49942	1734
49942	1735
49942	1736
49942	1737
49942	1738
49942	1739
49942	1740
49942	1741
49942	1742
49942	1743
49942	1744
49942	1745
49942	1746
49942	1747
49942	1748
49942	1749
49942	1750
49942	1751
49943	1752
49943	1753
49943	1754
49943	1755
49943	1756
49943	1757
49943	1758
49943	1759
49943	1760
49943	1761
49943	1762
49943	1763
49943	1764
49943	1765
49943	1766
49943	1767
49943	1768
49943	1769
49943	1770
49943	1771
49943	1772
49943	1773
49943	1774
49943	1775
49943	1776
49943	1777
49943	1778
49943	1779
49943	1780
49943	1781
49943	1782
49943	1783
49944	1784
49944	1785
49944	1786
49944	1787
49944	1788
49944	1789
49944	1790
49944	1791
49944	1792
49944	1793
49944	1794
49944	1795
49944	1796
49944	1797
49944	1798
49944	1799
49944	1800
49944	1801
49944	1802
49944	1803
49944	1804
49944	1805
49944	1806
49944	1807
49944	1808
49944	1809
49945	1810
49945	1811
49945	1812
49945	1813
49945	1814
49945	1815
49945	1816
49945	1817
49945	1818
49945	1819
49945	1820
49945	1821
49945	1822
49945	1823
49945	1824
49945	1825
49945	1826
49945	1827
49945	1828
49945	1829
49945	1830
49945	1831
49945	1832
49945	1833
49945	1834
49945	1835
49945	1836
49945	1837
49945	1838
49945	1839
49945	1840
49945	1841
49945	1842
49945	1843
49945	1844
49945	1845
49946	1846
49946	1847
49946	1848
49946	1849
49946	1850
49946	1851
49946	1852
49946	1853
49946	1854
49946	1855
49946	1856
49946	1857
49946	1858
49946	1859
49946	1860
49946	1861
49946	1862
49946	1863
49946	1864
49946	1865
49946	1866
49946	1867
49946	1868
49946	1869
49946	1870
49946	1871
49946	1872
49946	1873
49946	1874
49946	1875
49946	1876
49946	1877
49946	1878
49946	1879
49946	1880
49946	1881
49946	1882
49946	1883
49946	1884
49946	1885
49946	1886
49946	1887
49946	1888
49946	1889
49946	1890
49946	1891
49947	1892
49947	1893
49947	1894
49947	1895
49947	1896
49947	1897
49947	1898
49947	1899
49947	1900
49947	1901
49947	1902
49947	1903
49947	1904
49947	1905
49947	1906
49947	1907
49947	1908
49947	1909
49947	1910
49947	1911
49947	1912
49947	1913
49947	1914
49947	1915
49947	1916
49947	1917
49947	1918
49947	1919
49947	1920
49947	1921
49947	1922
49947	1923
49948	1924
49948	1925
49948	1926
49948	1927
49948	1928
49948	1929
49948	1930
49948	1931
49948	1932
49948	1933
49948	1934
49948	1935
49948	1936
49948	1937
49948	1938
49948	1939
49948	1940
49948	1941
49948	1942
49948	1943
49948	1944
49948	1945
49948	1946
49948	1947
49948	1948
49948	1949
49948	1950
49948	1951
49948	1952
49948	1953
49948	1954
49948	1955
49948	1956
49948	1957
49948	1958
49948	1959
49948	1960
49948	1961
49948	1962
49948	1963
49948	1964
49948	1965
49949	1966
49949	1967
49949	1968
49949	1969
49949	1970
49949	1971
49949	1972
49949	1973
49949	1974
49949	1975
49949	1976
49949	1977
49949	1978
49949	1979
49949	1980
49949	1981
49949	1982
49949	1983
49949	1984
49949	1985
49949	1986
49949	1987
49949	1988
49949	1989
49949	1990
49949	1991
49949	1992
49949	1993
49949	1994
49949	1995
49949	1996
49949	1997
49949	1998
49949	1999
49949	2000
49949	2001
49949	2002
49949	2003
49949	2004
49950	2005
49950	2006
49950	2007
49950	2008
49950	2009
49950	2010
49950	2011
49950	2012
49950	2013
49950	2014
49950	2015
49950	2016
49950	2017
49950	2018
49950	2019
49950	2020
49950	2021
49950	2022
49950	2023
49950	2024
49950	2025
49950	2026
49950	2027
49950	2028
49950	2029
49950	2030
49950	2031
49950	2032
49950	2033
49950	2034
49950	2035
49950	2036
49950	2037
49950	2038
49950	2039
49950	2040
49950	2041
49950	2042
49950	2043
49950	2044
49950	2045
49950	2046
49950	2047
49951	2048
49951	2049
49951	2050
49951	2051
49951	2052
49951	2053
49951	2054
49951	2055
49951	2056
49951	2057
49951	2058
49951	2059
49951	2060
49951	2061
49951	2062
49951	2063
49951	2064
49951	2065
49951	2066
49951	2067
49951	2068
49951	2069
49951	2070
49951	2071
49951	2072
49951	2073
49951	2074
49951	2075
49951	2076
49951	2077
49951	2078
49951	2079
49951	2080
49951	2081
49951	2082
49951	2083
49951	2084
49951	2085
49951	2086
49951	2087
49952	2088
49952	2089
49952	2090
49952	2091
49952	2092
49952	2093
49952	2094
49952	2095
49952	2096
49952	2097
49952	2098
49952	2099
49952	2100
49952	2101
49952	2102
49952	2103
49952	2104
49952	2105
49952	2106
49952	2107
49952	2108
49952	2109
49952	2110
49952	2111
49952	2112
49952	2113
49952	2114
49952	2115
49952	2116
49952	2117
49952	2118
49952	2119
49952	2120
49952	2121
49952	2122
49952	2123
49952	2124
49952	2125
49952	2126
49952	2127
49952	2128
49953	2129
49953	2130
49953	2131
49953	2132
49953	2133
49953	2134
49953	2135
49953	2136
49953	2137
49953	2138
49953	2139
49953	2140
49953	2141
49953	2142
49953	2143
49953	2144
49953	2145
49953	2146
49953	2147
49953	2148
49953	2149
49953	2150
49953	2151
49953	2152
49953	2153
49953	2154
49953	2155
49953	2156
49953	2157
49953	2158
49953	2159
49953	2160
49953	2161
49953	2162
49953	2163
49953	2164
49953	2165
49953	2166
49953	2167
49953	2168
49954	2169
49954	2170
49954	2171
49954	2172
49954	2173
49954	2174
49954	2175
49954	2176
49954	2177
49954	2178
49954	2179
49954	2180
49954	2181
49954	2182
49954	2183
49954	2184
49954	2185
49954	2186
49954	2187
49954	2188
49954	2189
49954	2190
49954	2191
49954	2192
49954	2193
49954	2194
49954	2195
49954	2196
49954	2197
49954	2198
49954	2199
49954	2200
49954	2201
49955	2202
49955	2203
49955	2204
49955	2205
49955	2206
49955	2207
49955	2208
49955	2209
49955	2210
49955	2211
49955	2212
49955	2213
49955	2214
49955	2215
49955	2216
49955	2217
49955	2218
49955	2219
49955	2220
49955	2221
49955	2222
49955	2223
49955	2224
49955	2225
49955	2226
49955	2227
49955	2228
49955	2229
49955	2230
49955	2231
49955	2232
49955	2233
49955	2234
49955	2235
49955	2236
49955	2237
49955	2238
49955	2239
49955	2240
49955	2241
49956	2242
49956	2243
49956	2244
49956	2245
49956	2246
49956	2247
49956	2248
49956	2249
49956	2250
49956	2251
49956	2252
49956	2253
49956	2254
49956	2255
49956	2256
49956	2257
49956	2258
49956	2259
49956	2260
49956	2261
49956	2262
49956	2263
49956	2264
49956	2265
49956	2266
49956	2267
49956	2268
49956	2269
49956	2270
49956	2271
49956	2272
49956	2273
49956	2274
49956	2275
49956	2276
49956	2277
49956	2278
49956	2279
49956	2280
49956	2281
49956	2282
49956	2283
49956	2284
49956	2285
49956	2286
49956	2287
49956	2288
49957	2289
49957	2290
49957	2291
49957	2292
49957	2293
49957	2294
49957	2295
49957	2296
49957	2297
49957	2298
49957	2299
49957	2300
49957	2301
49957	2302
49957	2303
49957	2304
49957	2305
49957	2306
49957	2307
49957	2308
49957	2309
49957	2310
49957	2311
49957	2312
49957	2313
49957	2314
49957	2315
49957	2316
49957	2317
49957	2318
49957	2319
49957	2320
49957	2321
49957	2322
49957	2323
49957	2324
49957	2325
49957	2326
49957	2327
49957	2328
49957	2329
49957	2330
49957	2331
49957	2332
49957	2333
49957	2334
49957	2335
49957	2336
49957	2337
49957	2338
49958	2339
49958	2340
49958	2341
49958	2342
49958	2343
49958	2344
49958	2345
49958	2346
49958	2347
49958	2348
49958	2349
49958	2350
49958	2351
49958	2352
49958	2353
49958	2354
49958	2355
49958	2356
49958	2357
49958	2358
49958	2359
49958	2360
49958	2361
49958	2362
49958	2363
49958	2364
49958	2365
49958	2366
49958	2367
49958	2368
49958	2369
49958	2370
49958	2371
49958	2372
49958	2373
49958	2374
49958	2375
49958	2376
49958	2377
49958	2378
49958	2379
49958	2380
49959	2381
49959	2382
49959	2383
49959	2384
49959	2385
49959	2386
49959	2387
49959	2388
49959	2389
49959	2390
49959	2391
49959	2392
49959	2393
49959	2394
49959	2395
49959	2396
49959	2397
49959	2398
49959	2399
49959	2400
49959	2401
49959	2402
49959	2403
49959	2404
49959	2405
49959	2406
49959	2407
49959	2408
49959	2409
49959	2410
49959	2411
49959	2412
49959	2413
49959	2414
49959	2415
49959	2416
49959	2417
49959	2418
49959	2419
49959	2420
49959	2421
49960	2422
49960	2423
49960	2424
49960	2425
49960	2426
49960	2427
49960	2428
49960	2429
49960	2430
49960	2431
49960	2432
49960	2433
49960	2434
49960	2435
49960	2436
49960	2437
49960	2438
49960	2439
49960	2440
49960	2441
49960	2442
49960	2443
49960	2444
49960	2445
49960	2446
49960	2447
49960	2448
49960	2449
49960	2450
49960	2451
49960	2452
49960	2453
49960	2454
49960	2455
49960	2456
49960	2457
49960	2458
49960	2459
49961	2460
49961	2461
49961	2462
49961	2463
49961	2464
49961	2465
49961	2466
49961	2467
49961	2468
49961	2469
49961	2470
49961	2471
49961	2472
49961	2473
49961	2474
49961	2475
49961	2476
49961	2477
49961	2478
49961	2479
49961	2480
49961	2481
49961	2482
49961	2483
49961	2484
49961	2485
49961	2486
49961	2487
49961	2488
49961	2489
49961	2490
49961	2491
49961	2492
49961	2493
49961	2494
49961	2495
49961	2496
49961	2497
49961	2498
49961	2499
49961	2500
49962	2501
49962	2502
49962	2503
49962	2504
49962	2505
49962	2506
49962	2507
49962	2508
49962	2509
49962	2510
49962	2511
49962	2512
49962	2513
49962	2514
49962	2515
49962	2516
49962	2517
49962	2518
49962	2519
49962	2520
49962	2521
49962	2522
49962	2523
49962	2524
49962	2525
49962	2526
49962	2527
49962	2528
49962	2529
49962	2530
49962	2531
49962	2532
49962	2533
49962	2534
49962	2535
49962	2536
49962	2537
49962	2538
49962	2539
49962	2540
49962	2541
49962	2542
49962	2543
49962	2544
49962	2545
49962	2546
49962	2547
49963	2548
49963	2549
49963	2550
49963	2551
49963	2552
49963	2553
49963	2554
49963	2555
49963	2556
49963	2557
49963	2558
49963	2559
49963	2560
49963	2561
49963	2562
49963	2563
49963	2564
49963	2565
49963	2566
49963	2567
49963	2568
49963	2569
49963	2570
49963	2571
49963	2572
49963	2573
49963	2574
49963	2575
49963	2576
49963	2577
49963	2578
49963	2579
49963	2580
49963	2581
49963	2582
49963	2583
49963	2584
49963	2585
49963	2586
49963	2587
49963	2588
49963	2589
49963	2590
49963	2591
49963	2592
49963	2593
49963	2594
49963	2595
49963	2596
49963	2597
49963	2598
49964	2599
49964	2600
49964	2601
49964	2602
49964	2603
49964	2604
49964	2605
49964	2606
49964	2607
49964	2608
49964	2609
49964	2610
49964	2611
49964	2612
49964	2613
49964	2614
49964	2615
49964	2616
49964	2617
49964	2618
49964	2619
49964	2620
49964	2621
49964	2622
49964	2623
49964	2624
49964	2625
49964	2626
49964	2627
49964	2628
49964	2629
49964	2630
49964	2631
49964	2632
49964	2633
49964	2634
49964	2635
49964	2636
49964	2637
49964	2638
49964	2639
49964	2640
49964	2641
49964	2642
49964	2643
49964	2644
49964	2645
49965	2646
49965	2647
49965	2648
49965	2649
49965	2650
49965	2651
49965	2652
49965	2653
49965	2654
49965	2655
49965	2656
49965	2657
49965	2658
49965	2659
49965	2660
49965	2661
49965	2662
49965	2663
49965	2664
49965	2665
49965	2666
49965	2667
49965	2668
49965	2669
49965	2670
49965	2671
49965	2672
49965	2673
49965	2674
49965	2675
49965	2676
49965	2677
49965	2678
49965	2679
49965	2680
49965	2681
49965	2682
49965	2683
49965	2684
49965	2685
49965	2686
49965	2687
49965	2688
49965	2689
49965	2690
49965	2691
49965	2692
49965	2693
49965	2694
49965	2695
49965	2696
49965	2697
49965	2698
49966	2699
49966	2700
49966	2701
49966	2702
49966	2703
49966	2704
49966	2705
49966	2706
49966	2707
49966	2708
49966	2709
49966	2710
49966	2711
49966	2712
49966	2713
49966	2714
49966	2715
49966	2716
49966	2717
49966	2718
49966	2719
49966	2720
49966	2721
49966	2722
49966	2723
49966	2724
49966	2725
49966	2726
49966	2727
49966	2728
49966	2729
49966	2730
49966	2731
49966	2732
49966	2733
49966	2734
49966	2735
49966	2736
49966	2737
49966	2738
49966	2739
49966	2740
49967	2741
49967	2742
49967	2743
49967	2744
49967	2745
49967	2746
49967	2747
49967	2748
49967	2749
49967	2750
49967	2751
49967	2752
49967	2753
49967	2754
49967	2755
49967	2756
49967	2757
49967	2758
49967	2759
49967	2760
49967	2761
49967	2762
49967	2763
49967	2764
49967	2765
49967	2766
49967	2767
49967	2768
49967	2769
49967	2770
49967	2771
49967	2772
49967	2773
49967	2774
49967	2775
49967	2776
49967	2777
49967	2778
49967	2779
49967	2780
49967	2781
49967	2782
49967	2783
49967	2784
49967	2785
49967	2786
49968	2787
49968	2788
49968	2789
49968	2790
49968	2791
49968	2792
49968	2793
49968	2794
49968	2795
49968	2796
49968	2797
49968	2798
49968	2799
49968	2800
49968	2801
49968	2802
49968	2803
49968	2804
49968	2805
49968	2806
49968	2807
49968	2808
49968	2809
49968	2810
49968	2811
49968	2812
49968	2813
49968	2814
49968	2815
49968	2816
49968	2817
49968	2818
49968	2819
49968	2820
49968	2821
49968	2822
49968	2823
49969	2824
49969	2825
49969	2826
49969	2827
49969	2828
49969	2829
49969	2830
49969	2831
49969	2832
49969	2833
49969	2834
49969	2835
49969	2836
49969	2837
49969	2838
49969	2839
49969	2840
49969	2841
49969	2842
49969	2843
49969	2844
49969	2845
49969	2846
49969	2847
49969	2848
49969	2849
49969	2850
49969	2851
49969	2852
49969	2853
49969	2854
49969	2855
49969	2856
49969	2857
49969	2858
49969	2859
49969	2860
49969	2861
49969	2862
49969	2863
49969	2864
49969	2865
49969	2866
49969	2867
49970	2868
49970	2869
49970	2870
49970	2871
49970	2872
49970	2873
49970	2874
49970	2875
49970	2876
49970	2877
49970	2878
49970	2879
49970	2880
49970	2881
49970	2882
49970	2883
49970	2884
49970	2885
49970	2886
49970	2887
49970	2888
49970	2889
49970	2890
49970	2891
49970	2892
49970	2893
49970	2894
49970	2895
49970	2896
49970	2897
49970	2898
49970	2899
49970	2900
49970	2901
49970	2902
49970	2903
49970	2904
49970	2905
49970	2906
49970	2907
49970	2908
49970	2909
49970	2910
49970	2911
49970	2912
49971	2913
49971	2914
49971	2915
49971	2916
49971	2917
49971	2918
49971	2919
49971	2920
49971	2921
49971	2922
49971	2923
49971	2924
49971	2925
49971	2926
49971	2927
49971	2928
49971	2929
49971	2930
49971	2931
49971	2932
49971	2933
49971	2934
49971	2935
49971	2936
49971	2937
49971	2938
49971	2939
49971	2940
49971	2941
49971	2942
49971	2943
49971	2944
49971	2945
49971	2946
49971	2947
49971	2948
49972	2949
49972	2950
49972	2951
49972	2952
49972	2953
49972	2954
49972	2955
49972	2956
49972	2957
49972	2958
49972	2959
49972	2960
49972	2961
49972	2962
49972	2963
49972	2964
49972	2965
49972	2966
49972	2967
49972	2968
49972	2969
49972	2970
49972	2971
49972	2972
49972	2973
49972	2974
49972	2975
49972	2976
49972	2977
49972	2978
49972	2979
49972	2980
49972	2981
49972	2982
49972	2983
49972	2984
49972	2985
49972	2986
49972	2987
49972	2988
49972	2989
49972	2990
49972	2991
49972	2992
49972	2993
49972	2994
49972	2995
49973	2996
49973	2997
49973	2998
49973	2999
49973	3000
49973	3001
49973	3002
49973	3003
49973	3004
49973	3005
49973	3006
49973	3007
49973	3008
49973	3009
49973	3010
49973	3011
49973	3012
49973	3013
49973	3014
49973	3015
49973	3016
49973	3017
49973	3018
49973	3019
49973	3020
49973	3021
49973	3022
49973	3023
49973	3024
49973	3025
49973	3026
49973	3027
49973	3028
49974	3029
49974	3030
49974	3031
49974	3032
49974	3033
49974	3034
49974	3035
49974	3036
49974	3037
49974	3038
49974	3039
49974	3040
49974	3041
49974	3042
49974	3043
49974	3044
49974	3045
49974	3046
49974	3047
49974	3048
49974	3049
49974	3050
49974	3051
49974	3052
49974	3053
49974	3054
49974	3055
49974	3056
49974	3057
49974	3058
49974	3059
49975	3060
49975	3061
49975	3062
49975	3063
49975	3064
49975	3065
49975	3066
49975	3067
49975	3068
49975	3069
49975	3070
49975	3071
49975	3072
49975	3073
49975	3074
49975	3075
49975	3076
49975	3077
49975	3078
49975	3079
49975	3080
49975	3081
49975	3082
49975	3083
49975	3084
49975	3085
49975	3086
49975	3087
49975	3088
49975	3089
49975	3090
49975	3091
49975	3092
49975	3093
49976	3094
49976	3095
49976	3096
49976	3097
49976	3098
49976	3099
49976	3100
49976	3101
49976	3102
49976	3103
49976	3104
49976	3105
49976	3106
49976	3107
49976	3108
49976	3109
49976	3110
49976	3111
49976	3112
49976	3113
49976	3114
49976	3115
49976	3116
49976	3117
49976	3118
49976	3119
49976	3120
49976	3121
49976	3122
49976	3123
49976	3124
49976	3125
49976	3126
49977	3127
49977	3128
49977	3129
49977	3130
49977	3131
49977	3132
49977	3133
49977	3134
49977	3135
49977	3136
49977	3137
49977	3138
49977	3139
49977	3140
49977	3141
49977	3142
49977	3143
49977	3144
49977	3145
49977	3146
49977	3147
49977	3148
49977	3149
49977	3150
49977	3151
49977	3152
49977	3153
49977	3154
49977	3155
49977	3156
49977	3157
49977	3158
49977	3159
49977	3160
49977	3161
49977	3162
49978	3163
49978	3164
49978	3165
49978	3166
49978	3167
49978	3168
49978	3169
49978	3170
49978	3171
49978	3172
49978	3173
49978	3174
49978	3175
49978	3176
49978	3177
49978	3178
49978	3179
49978	3180
49978	3181
49978	3182
49978	3183
49978	3184
49978	3185
49978	3186
49978	3187
49978	3188
49978	3189
49978	3190
49978	3191
49978	3192
49978	3193
49978	3194
49978	3195
49978	3196
49979	3197
49979	3198
49979	3199
49979	3200
49979	3201
49979	3202
49979	3203
49979	3204
49979	3205
49979	3206
49979	3207
49979	3208
49979	3209
49979	3210
49979	3211
49979	3212
49979	3213
49979	3214
49979	3215
49979	3216
49979	3217
49979	3218
49979	3219
49979	3220
49980	3221
49980	3222
49980	3223
49980	3224
49980	3225
49980	3226
49980	3227
49980	3228
49980	3229
49980	3230
49980	3231
49980	3232
49980	3233
49980	3234
49980	3235
49980	3236
49980	3237
49980	3238
49980	3239
49980	3240
49980	3241
49980	3242
49980	3243
49980	3244
49980	3245
49980	3246
49980	3247
49980	3248
49980	3249
49980	3250
49980	3251
49980	3252
49980	3253
49980	3254
49980	3255
49980	3256
49980	3257
49980	3258
49980	3259
49981	3260
49981	3261
49981	3262
49981	3263
49981	3264
49981	3265
49981	3266
49981	3267
49981	3268
49981	3269
49981	3270
49981	3271
49981	3272
49981	3273
49981	3274
49981	3275
49981	3276
49981	3277
49981	3278
49981	3279
49981	3280
49981	3281
49981	3282
49981	3283
49981	3284
49981	3285
49981	3286
49982	3287
49982	3288
49982	3289
49982	3290
49982	3291
49982	3292
49982	3293
49982	3294
49982	3295
49982	3296
49982	3297
49982	3298
49982	3299
49982	3300
49982	3301
49982	3302
49982	3303
49982	3304
49982	3305
49982	3306
49982	3307
49982	3308
49982	3309
49982	3310
49982	3311
49983	3312
49983	3313
49983	3314
49983	3315
49983	3316
49983	3317
49983	3318
49983	3319
49983	3320
49983	3321
49983	3322
49983	3323
49983	3324
49983	3325
49983	3326
49983	3327
49983	3328
49983	3329
49983	3330
49983	3331
49983	3332
49983	3333
49984	3334
49984	3335
49984	3336
49984	3337
49984	3338
49984	3339
49984	3340
49984	3341
49984	3342
49984	3343
49984	3344
49984	3345
49984	3346
49984	3347
49984	3348
49984	3349
49984	3350
49984	3351
49984	3352
49984	3353
49984	3354
49984	3355
49984	3356
49984	3357
49984	3358
49985	3359
49985	3360
49985	3361
49985	3362
49985	3363
49985	3364
49985	3365
49985	3366
49985	3367
49985	3368
49985	3369
49985	3370
49985	3371
49985	3372
49985	3373
49985	3374
49985	3375
49985	3376
49985	3377
49985	3378
49986	3379
49986	3380
49986	3381
49986	3382
49986	3383
49986	3384
49986	3385
49986	3386
49986	3387
49986	3388
49986	3389
49986	3390
49986	3391
49986	3392
49986	3393
49986	3394
49986	3395
49986	3396
49986	3397
49986	3398
49986	3399
49986	3400
49986	3401
49986	3402
49986	3403
49986	3404
49987	3405
49987	3406
49987	3407
49987	3408
49987	3409
49987	3410
49987	3411
49987	3412
49987	3413
49987	3414
49987	3415
49987	3416
49987	3417
49987	3418
49987	3419
49987	3420
49987	3421
49987	3422
49988	3423
49988	3424
49988	3425
49988	3426
49988	3427
49988	3428
49988	3429
49988	3430
49988	3431
49988	3432
49988	3433
49988	3434
49988	3435
49988	3436
49988	3437
49988	3438
49988	3439
49988	3440
49988	3441
49988	3442
49988	3443
49988	3444
49988	3445
49989	3446
49989	3447
49989	3448
49989	3449
49989	3450
49989	3451
49989	3452
49989	3453
49989	3454
49989	3455
49989	3456
49989	3457
49989	3458
49989	3459
49989	3460
49989	3461
49989	3462
49989	3463
49989	3464
49989	3465
49989	3466
49989	3467
49989	3468
49989	3469
49989	3470
49990	3471
49990	3472
49990	3473
49990	3474
49990	3475
49990	3476
49990	3477
49990	3478
49990	3479
49990	3480
49990	3481
49990	3482
49990	3483
49990	3484
49990	3485
49990	3486
49990	3487
49990	3488
49990	3489
49990	3490
49990	3491
49990	3492
49990	3493
49991	3494
49991	3495
49991	3496
49991	3497
49991	3498
49991	3499
49991	3500
49991	3501
49991	3502
49991	3503
49991	3504
49991	3505
49991	3506
49991	3507
49991	3508
49991	3509
49991	3510
49991	3511
49991	3512
49991	3513
49992	3514
49992	3515
49992	3516
49992	3517
49992	3518
49992	3519
49992	3520
49992	3521
49992	3522
49992	3523
49992	3524
49992	3525
49992	3526
49992	3527
49992	3528
49992	3529
49992	3530
49992	3531
49992	3532
49992	3533
49993	3534
49993	3535
49993	3536
49993	3537
49993	3538
49993	3539
49993	3540
49993	3541
49994	3542
49994	3543
49994	3544
49994	3545
49994	3546
49994	3547
49994	3548
49994	3549
49994	3550
49994	3551
49994	3552
49994	3553
49995	3554
49995	3555
49995	3556
49995	3557
49995	3558
49995	3559
49995	3560
49995	3561
49995	3562
49995	3563
49995	3564
49995	3565
49995	3566
49995	3567
49995	3568
49996	3569
49996	3570
49996	3571
49996	3572
49996	3573
49996	3574
49996	3575
49996	3576
49996	3577
49996	3578
49996	3579
49996	3580
49997	3581
49997	3582
49997	3583
49998	3584
49998	3585
49998	3586
49998	3587
