Year	Population
0	5000
100	7074
200	7622
300	7794
400	7987
500	7663
600	7994
700	7740
800	7888
900	8286
1000	8120
1100	7685
1200	8057
1300	8128
1400	8143
1500	8059
1600	8141
1700	8064
1800	7944
1900	7711
2000	7534
2100	7550
2200	7947
2300	8249
2400	8219
2500	8247
2600	7805
2700	7902
2800	8018
2900	7944
3000	7910
3100	7963
3200	7861
3300	8204
3400	7929
3500	7367
3600	6914
3700	6784
3800	6786
3900	7090
4000	6946
4100	6903
4200	6858
4300	7655
4400	7367
4500	7331
4600	6879
4700	6904
4800	7381
4900	7553
5000	7784
5100	7302
5200	7233
5300	7272
5400	7306
5500	7048
5600	6994
5700	6638
5800	6658
5900	6658
6000	6506
6100	6931
6200	6826
6300	7012
6400	6795
6500	6582
6600	6457
6700	6055
6800	5972
6900	6289
7000	6040
7100	6489
7200	6918
7300	6833
7400	7154
7500	7328
7600	7088
7700	7101
7800	6999
7900	7044
8000	6358
8100	5890
8200	5700
8300	5781
8400	5615
8500	5963
8600	5905
8700	5675
8800	6391
8900	6369
9000	6347
9100	6427
9200	6182
9300	5960
9400	5857
9500	6011
9600	5779
9700	5417
9800	5126
9900	4989
10000	4640
10100	4669
10200	4719
10300	4467
10400	4524
10500	4655
10600	4878
10700	4878
10800	4963
10900	5111
11000	5111
11100	5161
11200	5106
11300	5135
11400	4958
11500	4819
11600	4562
11700	4829
11800	4308
11900	3977
12000	3891
12100	3711
12200	3875
12300	4098
12400	4067
12500	4194
12600	4383
12700	4000
12800	3975
12900	4250
13000	4572
13100	4621
13200	4360
13300	3636
13400	3216
13500	3106
13600	2930
13700	2874
13800	2969
13900	2742
14000	2842
14100	3043
14200	2683
14300	2622
14400	2487
14500	2903
14600	2957
14700	3095
14800	3051
14900	3163
15000	3298
15100	3262
15200	3396
15300	3047
15400	2992
15500	3249
15600	3258
15700	3235
15800	3284
15900	3105
16000	3186
16100	3318
16200	3312
16300	3122
16400	2946
16500	3329
16600	2918
16700	2656
16800	2628
16900	2468
17000	2542
17100	2340
17200	2287
17300	1778
17400	1761
17500	1830
17600	1818
17700	1799
17800	1831
17900	1903
18000	1729
18100	1793
18200	2025
18300	1814
18400	1842
18500	1686
18600	1657
18700	1683
18800	1387
18900	1476
19000	1508
19100	1298
19200	1267
19300	1259
19400	1204
19500	1322
19600	1300
19700	1510
19800	1381
19900	1346
20000	1285
20100	1165
20200	1258
20300	1314
20400	1203
20500	1160
20600	1302
20700	1251
20800	1173
20900	1307
21000	1211
21100	1075
21200	1073
21300	1066
21400	1121
21500	1178
21600	1134
21700	1091
21800	1106
21900	1146
22000	1338
22100	1488
22200	1667
22300	1630
22400	1456
22500	1347
22600	1251
22700	1374
22800	1305
22900	1174
23000	1219
23100	1067
23200	984
23300	884
23400	935
23500	986
23600	1026
23700	917
23800	942
23900	891
24000	855
24100	925
24200	873
24300	882
24400	954
24500	961
24600	940
24700	1018
24800	1071
24900	1140
25000	1283
25100	1293
25200	1569
25300	1665
25400	1557
25500	1762
25600	1937
25700	1955
25800	1691
25900	1818
26000	1647
26100	1634
26200	1496
26300	1364
26400	1316
26500	1391
26600	1458
26700	1738
26800	1906
26900	1784
27000	1770
27100	1706
27200	1614
27300	1724
27400	1668
27500	1635
27600	1680
27700	1633
27800	1714
27900	1907
28000	2201
28100	2197
28200	2244
28300	2139
28400	2188
28500	2232
28600	2193
28700	2267
28800	2462
28900	2310
29000	2300
29100	2280
29200	2294
29300	2319
29400	2515
29500	2481
29600	2657
29700	2658
29800	2248
29900	2101
30000	2440
30100	2435
30200	2616
30300	2638
30400	2875
30500	2860
30600	2840
30700	2963
30800	3019
30900	3252
31000	3357
31100	3450
31200	3346
31300	3737
31400	4071
31500	4207
31600	3984
31700	4049
31800	4130
31900	4428
32000	4790
32100	4716
32200	4651
32300	4707
32400	4482
32500	4633
32600	4479
32700	4379
32800	4205
32900	3799
33000	3953
33100	3993
33200	4033
33300	3977
33400	3868
33500	3892
33600	4245
33700	4181
33800	4045
33900	3894
34000	4105
34100	3705
34200	3561
34300	3594
34400	3637
34500	3002
34600	2771
34700	2856
34800	2973
34900	3172
35000	3044
35100	3177
35200	3115
35300	2998
35400	3293
35500	3378
35600	3494
35700	3510
35800	3571
35900	3689
36000	3861
36100	4213
36200	4176
36300	4183
36400	4364
36500	4384
36600	4640
36700	4372
36800	4232
36900	4033
37000	4005
37100	3950
37200	4195
37300	3948
37400	3611
37500	3624
37600	3533
37700	3564
37800	3773
37900	3736
38000	3630
38100	3564
38200	3650
38300	3682
38400	3897
38500	3899
38600	3584
38700	3496
38800	3548
38900	3292
39000	2985
39100	3269
39200	3286
39300	3355
39400	3538
39500	3711
39600	3507
39700	3604
39800	3608
39900	3449
40000	3064
40100	3127
40200	3156
40300	3408
40400	3237
40500	3482
40600	3328
40700	3345
40800	3199
40900	3047
41000	2882
41100	3256
41200	3561
41300	3464
41400	3716
41500	3723
41600	3906
41700	3644
41800	3828
41900	3802
42000	3946
42100	3820
42200	4188
42300	4691
42400	4779
42500	5086
42600	5448
42700	5406
42800	6149
42900	6509
43000	6795
43100	7017
43200	6957
43300	7198
43400	6844
43500	6788
43600	6993
43700	6813
43800	7026
43900	6795
44000	7195
44100	7021
44200	7077
44300	7231
44400	7048
44500	7345
44600	7211
44700	7289
44800	7419
44900	7603
45000	7746
45100	7466
45200	7118
45300	7006
45400	6902
45500	6635
45600	6859
45700	7086
45800	6949
45900	7074
46000	7355
46100	7321
46200	7598
46300	7421
46400	7686
46500	7359
46600	8084
46700	8422
46800	8932
46900	9135
47000	8765
47100	8800
47200	8714
47300	8348
47400	7947
47500	8163
47600	7907
47700	7610
47800	7583
47900	7265
48000	7472
48100	7695
48200	7322
48300	7006
48400	7249
48500	7202
48600	7119
48700	6661
48800	6444
48900	6755
49000	7081
49100	7077
49200	6957
49300	7193
49400	6919
49500	6794
49600	7140
49700	7398
49800	7322
49900	7389
50000	7232

Year	Forefathers
0	1
23076	1
27017	2
28049	3
30755	4
31343	5
31943	6
32878	7
35589	8
40267	9
40573	10
40776	11
40968	12
40995	13
41506	14
41572	15
41689	16
42475	17
42477	18
42671	19
43052	20
43090	21
43662	22
43853	23
44328	24
44492	25
44600	26
44659	27
44751	28
44778	29
44830	30
45022	31
45185	32
45193	33
45847	34
45986	35
46039	36
46081	37
46231	38
46302	39
46315	40
46346	41
46387	42
46422	43
46433	44
46734	45
46801	46
46889	47
46973	48
46981	49
47031	50
47054	51
47077	52
47096	53
47136	54
47156	55
47229	56
47244	57
47315	58
47367	59
47448	60
47473	61
47506	62
47555	63
47568	64
47599	65
47604	66
47658	67
47660	68
47722	69
47730	70
47754	71
47812	72
47860	73
47884	74
47894	75
48043	76
48045	77
48055	78
48094	79
48125	80
48155	81
48175	82
48273	83
48349	84
48408	85
48497	86
48499	87
48508	88
48513	89
48513	90
48523	91
48523	92
48532	93
48595	94
48595	95
48638	96
48653	97
48681	98
48682	99
48700	100
48706	101
48709	102
48715	103
48726	104
48730	105
48759	106
48768	107
48784	108
48795	109
48815	110
48823	111
48836	112
48850	113
48850	114
48858	115
48864	116
48866	117
48882	118
48894	119
48907	120
48910	121
48914	122
48944	123
48945	124
48947	125
48951	126
48955	127
48970	128
48974	129
48977	130
48997	131
48997	132
49009	133
49022	134
49028	135
49030	136
49033	137
49052	138
49055	139
49057	140
49060	141
49065	142
49068	143
49073	144
49076	145
49084	146
49095	147
49098	148
49102	149
49121	150
49137	151
49145	152
49148	153
49150	154
49162	155
49172	156
49175	157
49192	158
49192	159
49195	160
49198	161
49200	162
49202	163
49203	164
49204	165
49212	166
49216	167
49220	168
49225	169
49227	170
49229	171
49238	172
49241	173
49249	174
49252	175
49255	176
49268	177
49273	178
49276	179
49278	180
49279	181
49293	182
49294	183
49296	184
49304	185
49309	186
49309	187
49312	188
49316	189
49316	190
49319	191
49328	192
49331	193
49333	194
49333	195
49335	196
49335	197
49335	198
49345	199
49345	200
49346	201
49346	202
49361	203
49370	204
49373	205
49378	206
49380	207
49384	208
49385	209
49388	210
49388	211
49391	212
49391	213
49397	214
49398	215
49403	216
49405	217
49406	218
49412	219
49414	220
49419	221
49420	222
49429	223
49429	224
49431	225
49432	226
49435	227
49436	228
49438	229
49445	230
49448	231
49457	232
49461	233
49463	234
49464	235
49464	236
49465	237
49470	238
49476	239
49477	240
49478	241
49479	242
49480	243
49482	244
49485	245
49486	246
49489	247
49490	248
49497	249
49501	250
49502	251
49502	252
49505	253
49507	254
49507	255
49508	256
49508	257
49510	258
49513	259
49514	260
49515	261
49515	262
49516	263
49517	264
49518	265
49520	266
49521	267
49521	268
49523	269
49525	270
49531	271
49533	272
49536	273
49537	274
49540	275
49540	276
49541	277
49541	278
49546	279
49547	280
49548	281
49549	282
49550	283
49551	284
49552	285
49553	286
49554	287
49555	288
49555	289
49557	290
49558	291
49559	292
49559	293
49560	294
49560	295
49566	296
49566	297
49570	298
49571	299
49571	300
49574	301
49575	302
49577	303
49578	304
49579	305
49581	306
49583	307
49583	308
49586	309
49587	310
49588	311
49592	312
49595	313
49598	314
49599	315
49601	316
49601	317
49604	318
49605	319
49606	320
49606	321
49607	322
49608	323
49609	324
49611	325
49612	326
49618	327
49622	328
49622	329
49622	330
49626	331
49626	332
49627	333
49628	334
49629	335
49632	336
49633	337
49634	338
49635	339
49636	340
49637	341
49637	342
49640	343
49641	344
49641	345
49641	346
49642	347
49643	348
49644	349
49645	350
49645	351
49645	352
49645	353
49646	354
49646	355
49647	356
49648	357
49648	358
49649	359
49650	360
49652	361
49654	362
49657	363
49658	364
49658	365
49659	366
49659	367
49659	368
49660	369
49662	370
49663	371
49664	372
49664	373
49665	374
49665	375
49666	376
49666	377
49667	378
49668	379
49669	380
49671	381
49672	382
49673	383
49673	384
49674	385
49675	386
49675	387
49676	388
49676	389
49676	390
49676	391
49677	392
49677	393
49679	394
49680	395
49680	396
49681	397
49681	398
49681	399
49682	400
49682	401
49682	402
49682	403
49683	404
49683	405
49686	406
49687	407
49688	408
49689	409
49689	410
49689	411
49690	412
49690	413
49692	414
49692	415
49692	416
49693	417
49694	418
49695	419
49696	420
49698	421
49698	422
49698	423
49698	424
49699	425
49699	426
49699	427
49700	428
49701	429
49701	430
49703	431
49705	432
49705	433
49705	434
49706	435
49706	436
49707	437
49707	438
49708	439
49709	440
49709	441
49711	442
49711	443
49712	444
49714	445
49714	446
49715	447
49716	448
49716	449
49716	450
49717	451
49721	452
49722	453
49722	454
49723	455
49724	456
49724	457
49724	458
49725	459
49725	460
49726	461
49726	462
49727	463
49727	464
49728	465
49729	466
49732	467
49733	468
49733	469
49735	470
49735	471
49737	472
49737	473
49738	474
49740	475
49741	476
49741	477
49741	478
49741	479
49741	480
49742	481
49743	482
49744	483
49744	484
49744	485
49745	486
49745	487
49745	488
49746	489
49746	490
49747	491
49748	492
49748	493
49749	494
49749	495
49750	496
49752	497
49752	498
49752	499
49752	500
49752	501
49754	502
49755	503
49756	504
49756	505
49756	506
49757	507
49758	508
49758	509
49759	510
49760	511
49760	512
49760	513
49762	514
49762	515
49763	516
49763	517
49764	518
49765	519
49766	520
49767	521
49767	522
49767	523
49767	524
49768	525
49769	526
49769	527
49770	528
49770	529
49770	530
49770	531
49771	532
49771	533
49773	534
49774	535
49774	536
49775	537
49775	538
49776	539
49777	540
49777	541
49778	542
49778	543
49780	544
49780	545
49780	546
49780	547
49781	548
49782	549
49782	550
49783	551
49783	552
49783	553
49783	554
49783	555
49785	556
49785	557
49786	558
49786	559
49786	560
49787	561
49787	562
49787	563
49787	564
49788	565
49788	566
49789	567
49789	568
49790	569
49791	570
49792	571
49792	572
49794	573
49795	574
49795	575
49796	576
49796	577
49796	578
49796	579
49796	580
49797	581
49798	582
49798	583
49798	584
49798	585
49799	586
49799	587
49799	588
49800	589
49800	590
49800	591
49800	592
49801	593
49801	594
49801	595
49801	596
49802	597
49802	598
49803	599
49804	600
49805	601
49805	602
49805	603
49805	604
49806	605
49806	606
49806	607
49806	608
49806	609
49806	610
49807	611
49808	612
49809	613
49809	614
49810	615
49810	616
49811	617
49811	618
49811	619
49811	620
49812	621
49813	622
49813	623
49813	624
49813	625
49814	626
49814	627
49814	628
49816	629
49816	630
49816	631
49817	632
49817	633
49817	634
49818	635
49818	636
49818	637
49818	638
49819	639
49820	640
49820	641
49820	642
49820	643
49820	644
49820	645
49820	646
49820	647
49821	648
49821	649
49822	650
49822	651
49822	652
49822	653
49822	654
49822	655
49822	656
49823	657
49823	658
49823	659
49823	660
49823	661
49825	662
49825	663
49826	664
49826	665
49826	666
49827	667
49827	668
49827	669
49827	670
49829	671
49829	672
49829	673
49829	674
49830	675
49830	676
49830	677
49830	678
49831	679
49831	680
49832	681
49832	682
49833	683
49833	684
49834	685
49834	686
49834	687
49834	688
49834	689
49834	690
49835	691
49835	692
49835	693
49835	694
49836	695
49836	696
49836	697
49836	698
49836	699
49837	700
49837	701
49837	702
49838	703
49838	704
49838	705
49838	706
49838	707
49839	708
49839	709
49839	710
49840	711
49840	712
49840	713
49840	714
49840	715
49840	716
49841	717
49842	718
49842	719
49843	720
49843	721
49843	722
49843	723
49844	724
49844	725
49845	726
49845	727
49845	728
49846	729
49846	730
49846	731
49846	732
49846	733
49846	734
49847	735
49847	736
49847	737
49847	738
49848	739
49848	740
49848	741
49849	742
49849	743
49850	744
49850	745
49850	746
49850	747
49850	748
49850	749
49850	750
49851	751
49851	752
49851	753
49851	754
49852	755
49852	756
49852	757
49852	758
49853	759
49853	760
49853	761
49853	762
49853	763
49854	764
49854	765
49854	766
49854	767
49854	768
49854	769
49855	770
49855	771
49855	772
49855	773
49856	774
49856	775
49856	776
49856	777
49857	778
49857	779
49857	780
49858	781
49858	782
49858	783
49858	784
49858	785
49859	786
49859	787
49859	788
49859	789
49860	790
49860	791
49860	792
49860	793
49860	794
49860	795
49861	796
49861	797
49862	798
49862	799
49862	800
49862	801
49862	802
49862	803
49862	804
49863	805
49863	806
49863	807
49863	808
49863	809
49863	810
49863	811
49864	812
49864	813
49864	814
49864	815
49864	816
49865	817
49865	818
49865	819
49865	820
49865	821
49865	822
49866	823
49866	824
49866	825
49866	826
49866	827
49866	828
49867	829
49867	830
49867	831
49867	832
49867	833
49867	834
49867	835
49867	836
49868	837
49868	838
49868	839
49868	840
49868	841
49868	842
49869	843
49869	844
49869	845
49869	846
49870	847
49870	848
49870	849
49870	850
49870	851
49871	852
49871	853
49871	854
49871	855
49871	856
49871	857
49872	858
49872	859
49872	860
49872	861
49873	862
49873	863
49873	864
49873	865
49873	866
49873	867
49873	868
49874	869
49874	870
49874	871
49874	872
49874	873
49874	874
49875	875
49875	876
49875	877
49875	878
49876	879
49876	880
49876	881
49876	882
49876	883
49876	884
49876	885
49876	886
49876	887
49876	888
49876	889
49877	890
49877	891
49877	892
49877	893
49877	894
49877	895
49877	896
49877	897
49877	898
49878	899
49878	900
49878	901
49878	902
49878	903
49879	904
49879	905
49879	906
49879	907
49879	908
49879	909
49879	910
49879	911
49880	912
49880	913
49880	914
49880	915
49880	916
49881	917
49881	918
49881	919
49881	920
49881	921
49881	922
49882	923
49882	924
49882	925
49882	926
49882	927
49882	928
49882	929
49883	930
49883	931
49883	932
49883	933
49883	934
49883	935
49883	936
49883	937
49884	938
49884	939
49884	940
49885	941
49885	942
49885	943
49885	944
49885	945
49886	946
49886	947
49886	948
49886	949
49886	950
49887	951
49887	952
49887	953
49888	954
49888	955
49888	956
49888	957
49888	958
49888	959
49889	960
49889	961
49889	962
49889	963
49889	964
49890	965
49890	966
49890	967
49890	968
49891	969
49891	970
49891	971
49891	972
49891	973
49892	974
49892	975
49892	976
49892	977
49892	978
49892	979
49892	980
49892	981
49893	982
49893	983
49893	984
49893	985
49893	986
49893	987
49893	988
49893	989
49893	990
49894	991
49894	992
49894	993
49894	994
49894	995
49894	996
49894	997
49894	998
49894	999
49895	1000
49895	1001
49895	1002
49895	1003
49895	1004
49895	1005
49896	1006
49896	1007
49896	1008
49896	1009
49896	1010
49896	1011
49897	1012
49897	1013
49897	1014
49897	1015
49897	1016
49897	1017
49897	1018
49897	1019
49897	1020
49897	1021
49898	1022
49898	1023
49898	1024
49898	1025
49898	1026
49898	1027
49898	1028
49898	1029
49898	1030
49899	1031
49899	1032
49899	1033
49899	1034
49899	1035
49899	1036
49899	1037
49899	1038
49900	1039
49900	1040
49900	1041
49900	1042
49900	1043
49900	1044
49901	1045
49901	1046
49901	1047
49901	1048
49901	1049
49901	1050
49902	1051
49902	1052
49902	1053
49902	1054
49902	1055
49902	1056
49902	1057
49902	1058
49902	1059
49902	1060
49902	1061
49902	1062
49902	1063
49902	1064
49903	1065
49903	1066
49903	1067
49903	1068
49903	1069
49903	1070
49903	1071
49903	1072
49904	1073
49904	1074
49904	1075
49904	1076
49904	1077
49904	1078
49904	1079
49904	1080
49904	1081
49905	1082
49905	1083
49905	1084
49905	1085
49905	1086
49905	1087
49905	1088
49905	1089
49905	1090
49906	1091
49906	1092
49906	1093
49906	1094
49906	1095
49906	1096
49906	1097
49906	1098
49906	1099
49907	1100
49907	1101
49907	1102
49907	1103
49907	1104
49907	1105
49907	1106
49907	1107
49907	1108
49907	1109
49907	1110
49907	1111
49907	1112
49907	1113
49908	1114
49908	1115
49908	1116
49908	1117
49908	1118
49908	1119
49908	1120
49909	1121
49909	1122
49909	1123
49909	1124
49909	1125
49909	1126
49909	1127
49909	1128
49909	1129
49909	1130
49909	1131
49909	1132
49909	1133
49909	1134
49909	1135
49909	1136
49910	1137
49910	1138
49910	1139
49910	1140
49910	1141
49910	1142
49910	1143
49910	1144
49911	1145
49911	1146
49911	1147
49911	1148
49911	1149
49911	1150
49911	1151
49912	1152
49912	1153
49912	1154
49912	1155
49912	1156
49913	1157
49913	1158
49913	1159
49913	1160
49914	1161
49914	1162
49914	1163
49914	1164
49914	1165
49914	1166
49914	1167
49914	1168
49915	1169
49915	1170
49915	1171
49915	1172
49915	1173
49915	1174
49915	1175
49915	1176
49915	1177
49915	1178
49915	1179
49915	1180
49915	1181
49916	1182
49916	1183
49916	1184
49916	1185
49916	1186
49916	1187
49916	1188
49916	1189
49916	1190
49916	1191
49916	1192
49917	1193
49917	1194
49917	1195
49917	1196
49917	1197
49917	1198
49917	1199
49917	1200
49917	1201
49917	1202
49917	1203
49917	1204
49918	1205
49918	1206
49918	1207
49918	1208
49918	1209
49918	1210
49918	1211
49918	1212
49918	1213
49918	1214
49918	1215
49918	1216
49918	1217
49918	1218
49918	1219
49918	1220
49918	1221
49919	1222
49919	1223
49919	1224
49919	1225
49919	1226
49919	1227
49919	1228
49919	1229
49919	1230
49919	1231
49919	1232
49919	1233
49919	1234
49920	1235
49920	1236
49920	1237
49920	1238
49920	1239
49920	1240
49920	1241
49920	1242
49920	1243
49920	1244
49920	1245
49921	1246
49921	1247
49921	1248
49921	1249
49921	1250
49921	1251
49921	1252
49921	1253
49921	1254
49921	1255
49921	1256
49921	1257
49921	1258
49921	1259
49921	1260
49922	1261
49922	1262
49922	1263
49922	1264
49922	1265
49922	1266
49922	1267
49922	1268
49922	1269
49922	1270
49922	1271
49922	1272
49922	1273
49923	1274
49923	1275
49923	1276
49923	1277
49923	1278
49923	1279
49923	1280
49923	1281
49923	1282
49923	1283
49923	1284
49923	1285
49923	1286
49923	1287
49923	1288
49924	1289
49924	1290
49924	1291
49924	1292
49924	1293
49924	1294
49924	1295
49924	1296
49924	1297
49924	1298
49924	1299
49924	1300
49924	1301
49924	1302
49924	1303
49924	1304
49924	1305
49924	1306
49924	1307
49924	1308
49925	1309
49925	1310
49925	1311
49925	1312
49925	1313
49925	1314
49925	1315
49925	1316
49926	1317
49926	1318
49926	1319
49926	1320
49926	1321
49926	1322
49926	1323
49926	1324
49926	1325
49926	1326
49926	1327
49926	1328
49926	1329
49926	1330
49926	1331
49926	1332
49926	1333
49926	1334
49926	1335
49926	1336
49926	1337
49926	1338
49927	1339
49927	1340
49927	1341
49927	1342
49927	1343
49927	1344
49927	1345
49927	1346
49927	1347
49927	1348
49927	1349
49927	1350
49927	1351
49927	1352
49927	1353
49927	1354
49927	1355
49927	1356
49928	1357
49928	1358
49928	1359
49928	1360
49928	1361
49928	1362
49928	1363
49928	1364
49928	1365
49928	1366
49928	1367
49928	1368
49928	1369
49928	1370
49928	1371
49928	1372
49929	1373
49929	1374
49929	1375
49929	1376
49929	1377
49929	1378
49929	1379
49929	1380
49929	1381
49929	1382
49929	1383
49929	1384
49929	1385
49929	1386
49929	1387
49929	1388
49929	1389
49929	1390
49929	1391
49929	1392
49929	1393
49930	1394
49930	1395
49930	1396
49930	1397
49930	1398
49930	1399
49930	1400
49930	1401
49930	1402
49930	1403
49930	1404
49930	1405
49930	1406
49930	1407
49930	1408
49930	1409
49930	1410
49930	1411
49930	1412
49930	1413
49930	1414
49930	1415
49930	1416
49931	1417
49931	1418
49931	1419
49931	1420
49931	1421
49931	1422
49931	1423
49931	1424
49931	1425
49931	1426
49931	1427
49931	1428
49931	1429
49931	1430
49931	1431
49931	1432
49931	1433
49932	1434
49932	1435
49932	1436
49932	1437
49932	1438
49932	1439
49932	1440
49932	1441
49932	1442
49932	1443
49932	1444
49932	1445
49932	1446
49932	1447
49932	1448
49932	1449
49932	1450
49932	1451
49932	1452
49933	1453
49933	1454
49933	1455
49933	1456
49933	1457
49933	1458
49933	1459
49933	1460
49933	1461
49933	1462
49933	1463
49933	1464
49934	1465
49934	1466
49934	1467
49934	1468
49934	1469
49934	1470
49934	1471
49934	1472
49934	1473
49934	1474
49934	1475
49934	1476
49934	1477
49934	1478
49934	1479
49934	1480
49934	1481
49934	1482
49934	1483
49934	1484
49934	1485
49934	1486
49934	1487
49934	1488
49934	1489
49934	1490
49934	1491
49934	1492
49934	1493
49935	1494
49935	1495
49935	1496
49935	1497
49935	1498
49935	1499
49935	1500
49935	1501
49935	1502
49935	1503
49935	1504
49935	1505
49935	1506
49935	1507
49935	1508
49935	1509
49935	1510
49935	1511
49935	1512
49935	1513
49935	1514
49935	1515
49935	1516
49935	1517
49936	1518
49936	1519
49936	1520
49936	1521
49936	1522
49936	1523
49936	1524
49936	1525
49936	1526
49936	1527
49936	1528
49936	1529
49936	1530
49936	1531
49936	1532
49936	1533
49936	1534
49936	1535
49936	1536
49936	1537
49936	1538
49936	1539
49936	1540
49936	1541
49936	1542
49936	1543
49936	1544
49936	1545
49936	1546
49936	1547
49936	1548
49936	1549
49936	1550
49936	1551
49936	1552
49936	1553
49936	1554
49936	1555
49937	1556
49937	1557
49937	1558
49937	1559
49937	1560
49937	1561
49937	1562
49937	1563
49937	1564
49937	1565
49937	1566
49937	1567
49937	1568
49937	1569
49937	1570
49937	1571
49937	1572
49937	1573
49937	1574
49937	1575
49937	1576
49937	1577
49937	1578
49937	1579
49937	1580
49937	1581
49937	1582
49937	1583
49937	1584
49937	1585
49937	1586
49937	1587
49937	1588
49937	1589
49937	1590
49938	1591
49938	1592
49938	1593
49938	1594
49938	1595
49938	1596
49938	1597
49938	1598
49938	1599
49938	1600
49938	1601
49938	1602
49938	1603
49938	1604
49938	1605
49938	1606
49938	1607
49938	1608
49938	1609
49938	1610
49938	1611
49938	1612
49938	1613
49938	1614
49938	1615
49938	1616
49938	1617
49938	1618
49938	1619
49938	1620
49938	1621
49939	1622
49939	1623
49939	1624
49939	1625
49939	1626
49939	1627
49939	1628
49939	1629
49939	1630
49939	1631
49939	1632
49939	1633
49939	1634
49939	1635
49939	1636
49939	1637
49939	1638
49939	1639
49939	1640
49939	1641
49939	1642
49939	1643
49939	1644
49939	1645
49939	1646
49939	1647
49939	1648
49939	1649
49939	1650
49939	1651
49939	1652
49939	1653
49939	1654
49939	1655
49939	1656
49939	1657
49939	1658
49939	1659
49939	1660
49940	1661
49940	1662
49940	1663
49940	1664
49940	1665
49940	1666
49940	1667
49940	1668
49940	1669
49940	1670
49940	1671
49940	1672
49940	1673
49940	1674
49940	1675
49940	1676
49940	1677
49940	1678
49940	1679
49940	1680
49940	1681
49940	1682
49940	1683
49940	1684
49940	1685
49940	1686
49940	1687
49940	1688
49940	1689
49940	1690
49941	1691
49941	1692
49941	1693
49941	1694
49941	1695
49941	1696
49941	1697
49941	1698
49941	1699
49941	1700
49941	1701
49941	1702
49941	1703
49941	1704
49941	1705
49941	1706
49941	1707
49941	1708
49941	1709
49941	1710
49941	1711
49941	1712
49941	1713
49941	1714
49941	1715
49941	1716
49941	1717
49941	1718
49941	1719
49941	1720
49941	1721
49941	1722
49942	1723
49942	1724
49942	1725
49942	1726
49942	1727
49942	1728
49942	1729
49942	1730
49942	1731
49942	1732
49942	1733
49942	1734
49942	1735
49942	1736
49942	1737
49942	1738
49942	1739
49942	1740
49942	1741
49942	1742
49942	1743
49942	1744
49942	1745
49942	1746
49942	1747
49942	1748
49942	1749
49942	1750
49942	1751
49943	1752
49943	1753
49943	1754
49943	1755
49943	1756
49943	1757
49943	1758
49943	1759
49943	1760
49943	1761
49943	1762
49943	1763
49943	1764
49943	1765
49943	1766
49943	1767
49943	1768
49943	1769
49943	1770
49943	1771
49943	1772
49943	1773
49943	1774
49943	1775
49943	1776
49943	1777
49943	1778
49943	1779
49943	1780
49943	1781
49943	1782
49943	1783
49944	1784
49944	1785
49944	1786
49944	1787
49944	1788
49944	1789
49944	1790
49944	1791
49944	1792
49944	1793
49944	1794
49944	1795
49944	1796
49944	1797
49944	1798
49944	1799
49944	1800
49944	1801
49944	1802
49944	1803
49944	1804
49944	1805
49944	1806
49944	1807
49944	1808
49944	1809
49945	1810
49945	1811
49945	1812
49945	1813
49945	1814
49945	1815
49945	1816
49945	1817
49945	1818
49945	1819
49945	1820
49945	1821
49945	1822
49945	1823
49945	1824
49945	1825
49945	1826
49945	1827
49945	1828
49945	1829
49945	1830
49945	1831
49945	1832
49945	1833
49945	1834
49945	1835
49945	1836
49945	1837
49945	1838
49945	1839
49945	1840
49945	1841
49945	1842
49945	1843
49945	1844
49945	1845
49946	1846
49946	1847
49946	1848
49946	1849
49946	1850
49946	1851
49946	1852
49946	1853
49946	1854
49946	1855
49946	1856
49946	1857
49946	1858
49946	1859
49946	1860
49946	1861
49946	1862
49946	1863
49946	1864
49946	1865
49946	1866
49946	1867
49946	1868
49946	1869
49946	1870
49946	1871
49946	1872
49946	1873
49946	1874
49946	1875
49946	1876
49946	1877
49946	1878
49946	1879
49946	1880
49946	1881
49946	1882
49946	1883
49946	1884
49946	1885
49946	1886
49946	1887
49946	1888
49946	1889
49946	1890
49946	1891
49947	1892
49947	1893
49947	1894
49947	1895
49947	1896
49947	1897
49947	1898
49947	1899
49947	1900
49947	1901
49947	1902
49947	1903
49947	1904
49947	1905
49947	1906
49947	1907
49947	1908
49947	1909
49947	1910
49947	1911
49947	1912
49947	1913
49947	1914
49947	1915
49947	1916
49947	1917
49947	1918
49947	1919
49947	1920
49947	1921
49947	1922
49947	1923
49948	1924
49948	1925
49948	1926
49948	1927
49948	1928
49948	1929
49948	1930
49948	1931
49948	1932
49948	1933
49948	1934
49948	1935
49948	1936
49948	1937
49948	1938
49948	1939
49948	1940
49948	1941
49948	1942
49948	1943
49948	1944
49948	1945
49948	1946
49948	1947
49948	1948
49948	1949
49948	1950
49948	1951
49948	1952
49948	1953
49948	1954
49948	1955
49948	1956
49948	1957
49948	1958
49948	1959
49948	1960
49948	1961
49948	1962
49948	1963
49948	1964
49948	1965
49949	1966
49949	1967
49949	1968
49949	1969
49949	1970
49949	1971
49949	1972
49949	1973
49949	1974
49949	1975
49949	1976
49949	1977
49949	1978
49949	1979
49949	1980
49949	1981
49949	1982
49949	1983
49949	1984
49949	1985
49949	1986
49949	1987
49949	1988
49949	1989
49949	1990
49949	1991
49949	1992
49949	1993
49949	1994
49949	1995
49949	1996
49949	1997
49949	1998
49949	1999
49949	2000
49949	2001
49949	2002
49949	2003
49949	2004
49950	2005
49950	2006
49950	2007
49950	2008
49950	2009
49950	2010
49950	2011
49950	2012
49950	2013
49950	2014
49950	2015
49950	2016
49950	2017
49950	2018
49950	2019
49950	2020
49950	2021
49950	2022
49950	2023
49950	2024
49950	2025
49950	2026
49950	2027
49950	2028
49950	2029
49950	2030
49950	2031
49950	2032
49950	2033
49950	2034
49950	2035
49950	2036
49950	2037
49950	2038
49950	2039
49950	2040
49950	2041
49950	2042
49950	2043
49950	2044
49950	2045
49950	2046
49950	2047
49951	2048
49951	2049
49951	2050
49951	2051
49951	2052
49951	2053
49951	2054
49951	2055
49951	2056
49951	2057
49951	2058
49951	2059
49951	2060
49951	2061
49951	2062
49951	2063
49951	2064
49951	2065
49951	2066
49951	2067
49951	2068
49951	2069
49951	2070
49951	2071
49951	2072
49951	2073
49951	2074
49951	2075
49951	2076
49951	2077
49951	2078
49951	2079
49951	2080
49951	2081
49951	2082
49951	2083
49951	2084
49951	2085
49951	2086
49951	2087
49952	2088
49952	2089
49952	2090
49952	2091
49952	2092
49952	2093
49952	2094
49952	2095
49952	2096
49952	2097
49952	2098
49952	2099
49952	2100
49952	2101
49952	2102
49952	2103
49952	2104
49952	2105
49952	2106
49952	2107
49952	2108
49952	2109
49952	2110
49952	2111
49952	2112
49952	2113
49952	2114
49952	2115
49952	2116
49952	2117
49952	2118
49952	2119
49952	2120
49952	2121
49952	2122
49952	2123
49952	2124
49952	2125
49952	2126
49952	2127
49952	2128
49953	2129
49953	2130
49953	2131
49953	2132
49953	2133
49953	2134
49953	2135
49953	2136
49953	2137
49953	2138
49953	2139
49953	2140
49953	2141
49953	2142
49953	2143
49953	2144
49953	2145
49953	2146
49953	2147
49953	2148
49953	2149
49953	2150
49953	2151
49953	2152
49953	2153
49953	2154
49953	2155
49953	2156
49953	2157
49953	2158
49953	2159
49953	2160
49953	2161
49953	2162
49953	2163
49953	2164
49953	2165
49953	2166
49953	2167
49953	2168
49954	2169
49954	2170
49954	2171
49954	2172
49954	2173
49954	2174
49954	2175
49954	2176
49954	2177
49954	2178
49954	2179
49954	2180
49954	2181
49954	2182
49954	2183
49954	2184
49954	2185
49954	2186
49954	2187
49954	2188
49954	2189
49954	2190
49954	2191
49954	2192
49954	2193
49954	2194
49954	2195
49954	2196
49954	2197
49954	2198
49954	2199
49954	2200
49954	2201
49955	2202
49955	2203
49955	2204
49955	2205
49955	2206
49955	2207
49955	2208
49955	2209
49955	2210
49955	2211
49955	2212
49955	2213
49955	2214
49955	2215
49955	2216
49955	2217
49955	2218
49955	2219
49955	2220
49955	2221
49955	2222
49955	2223
49955	2224
49955	2225
49955	2226
49955	2227
49955	2228
49955	2229
49955	2230
49955	2231
49955	2232
49955	2233
49955	2234
49955	2235
49955	2236
49955	2237
49955	2238
49955	2239
49955	2240
49955	2241
49956	2242
49956	2243
49956	2244
49956	2245
49956	2246
49956	2247
49956	2248
49956	2249
49956	2250
49956	2251
49956	2252
49956	2253
49956	2254
49956	2255
49956	2256
49956	2257
49956	2258
49956	2259
49956	2260
49956	2261
49956	2262
49956	2263
49956	2264
49956	2265
49956	2266
49956	2267
49956	2268
49956	2269
49956	2270
49956	2271
49956	2272
49956	2273
49956	2274
49956	2275
49956	2276
49956	2277
49956	2278
49956	2279
49956	2280
49956	2281
49956	2282
49956	2283
49956	2284
49956	2285
49956	2286
49956	2287
49956	2288
49957	2289
49957	2290
49957	2291
49957	2292
49957	2293
49957	2294
49957	2295
49957	2296
49957	2297
49957	2298
49957	2299
49957	2300
49957	2301
49957	2302
49957	2303
49957	2304
49957	2305
49957	2306
49957	2307
49957	2308
49957	2309
49957	2310
49957	2311
49957	2312
49957	2313
49957	2314
49957	2315
49957	2316
49957	2317
49957	2318
49957	2319
49957	2320
49957	2321
49957	2322
49957	2323
49957	2324
49957	2325
49957	2326
49957	2327
49957	2328
49957	2329
49957	2330
49957	2331
49957	2332
49957	2333
49957	2334
49957	2335
49957	2336
49957	2337
49957	2338
49958	2339
49958	2340
49958	2341
49958	2342
49958	2343
49958	2344
49958	2345
49958	2346
49958	2347
49958	2348
49958	2349
49958	2350
49958	2351
49958	2352
49958	2353
49958	2354
49958	2355
49958	2356
49958	2357
49958	2358
49958	2359
49958	2360
49958	2361
49958	2362
49958	2363
49958	2364
49958	2365
49958	2366
49958	2367
49958	2368
49958	2369
49958	2370
49958	2371
49958	2372
49958	2373
49958	2374
49958	2375
49958	2376
49958	2377
49958	2378
49958	2379
49958	2380
49959	2381
49959	2382
49959	2383
49959	2384
49959	2385
49959	2386
49959	2387
49959	2388
49959	2389
49959	2390
49959	2391
49959	2392
49959	2393
49959	2394
49959	2395
49959	2396
49959	2397
49959	2398
49959	2399
49959	2400
49959	2401
49959	2402
49959	2403
49959	2404
49959	2405
49959	2406
49959	2407
49959	2408
49959	2409
49959	2410
49959	2411
49959	2412
49959	2413
49959	2414
49959	2415
49959	2416
49959	2417
49959	2418
49959	2419
49959	2420
49959	2421
49960	2422
49960	2423
49960	2424
49960	2425
49960	2426
49960	2427
49960	2428
49960	2429
49960	2430
49960	2431
49960	2432
49960	2433
49960	2434
49960	2435
49960	2436
49960	2437
49960	2438
49960	2439
49960	2440
49960	2441
49960	2442
49960	2443
49960	2444
49960	2445
49960	2446
49960	2447
49960	2448
49960	2449
49960	2450
49960	2451
49960	2452
49960	2453
49960	2454
49960	2455
49960	2456
49960	2457
49960	2458
49960	2459
49961	2460
49961	2461
49961	2462
49961	2463
49961	2464
49961	2465
49961	2466
49961	2467
49961	2468
49961	2469
49961	2470
49961	2471
49961	2472
49961	2473
49961	2474
49961	2475
49961	2476
49961	2477
49961	2478
49961	2479
49961	2480
49961	2481
49961	2482
49961	2483
49961	2484
49961	2485
49961	2486
49961	2487
49961	2488
49961	2489
49961	2490
49961	2491
49961	2492
49961	2493
49961	2494
49961	2495
49961	2496
49961	2497
49961	2498
49961	2499
49961	2500
49962	2501
49962	2502
49962	2503
49962	2504
49962	2505
49962	2506
49962	2507
49962	2508
49962	2509
49962	2510
49962	2511
49962	2512
49962	2513
49962	2514
49962	2515
49962	2516
49962	2517
49962	2518
49962	2519
49962	2520
49962	2521
49962	2522
49962	2523
49962	2524
49962	2525
49962	2526
49962	2527
49962	2528
49962	2529
49962	2530
49962	2531
49962	2532
49962	2533
49962	2534
49962	2535
49962	2536
49962	2537
49962	2538
49962	2539
49962	2540
49962	2541
49962	2542
49962	2543
49962	2544
49962	2545
49962	2546
49962	2547
49963	2548
49963	2549
49963	2550
49963	2551
49963	2552
49963	2553
49963	2554
49963	2555
49963	2556
49963	2557
49963	2558
49963	2559
49963	2560
49963	2561
49963	2562
49963	2563
49963	2564
49963	2565
49963	2566
49963	2567
49963	2568
49963	2569
49963	2570
49963	2571
49963	2572
49963	2573
49963	2574
49963	2575
49963	2576
49963	2577
49963	2578
49963	2579
49963	2580
49963	2581
49963	2582
49963	2583
49963	2584
49963	2585
49963	2586
49963	2587
49963	2588
49963	2589
49963	2590
49963	2591
49963	2592
49963	2593
49963	2594
49963	2595
49963	2596
49963	2597
49963	2598
49964	2599
49964	2600
49964	2601
49964	2602
49964	2603
49964	2604
49964	2605
49964	2606
49964	2607
49964	2608
49964	2609
49964	2610
49964	2611
49964	2612
49964	2613
49964	2614
49964	2615
49964	2616
49964	2617
49964	2618
49964	2619
49964	2620
49964	2621
49964	2622
49964	2623
49964	2624
49964	2625
49964	2626
49964	2627
49964	2628
49964	2629
49964	2630
49964	2631
49964	2632
49964	2633
49964	2634
49964	2635
49964	2636
49964	2637
49964	2638
49964	2639
49964	2640
49964	2641
49964	2642
49964	2643
49964	2644
49964	2645
49965	2646
49965	2647
49965	2648
49965	2649
49965	2650
49965	2651
49965	2652
49965	2653
49965	2654
49965	2655
49965	2656
49965	2657
49965	2658
49965	2659
49965	2660
49965	2661
49965	2662
49965	2663
49965	2664
49965	2665
49965	2666
49965	2667
49965	2668
49965	2669
49965	2670
49965	2671
49965	2672
49965	2673
49965	2674
49965	2675
49965	2676
49965	2677
49965	2678
49965	2679
49965	2680
49965	2681
49965	2682
49965	2683
49965	2684
49965	2685
49965	2686
49965	2687
49965	2688
49965	2689
49965	2690
49965	2691
49965	2692
49965	2693
49965	2694
49965	2695
49965	2696
49965	2697
49965	2698
49966	2699
49966	2700
49966	2701
49966	2702
49966	2703
49966	2704
49966	2705
49966	2706
49966	2707
49966	2708
49966	2709
49966	2710
49966	2711
49966	2712
49966	2713
49966	2714
49966	2715
49966	2716
49966	2717
49966	2718
49966	2719
49966	2720
49966	2721
49966	2722
49966	2723
49966	2724
49966	2725
49966	2726
49966	2727
49966	2728
49966	2729
49966	2730
49966	2731
49966	2732
49966	2733
49966	2734
49966	2735
49966	2736
49966	2737
49966	2738
49966	2739
49966	2740
49967	2741
49967	2742
49967	2743
49967	2744
49967	2745
49967	2746
49967	2747
49967	2748
49967	2749
49967	2750
49967	2751
49967	2752
49967	2753
49967	2754
49967	2755
49967	2756
49967	2757
49967	2758
49967	2759
49967	2760
49967	2761
49967	2762
49967	2763
49967	2764
49967	2765
49967	2766
49967	2767
49967	2768
49967	2769
49967	2770
49967	2771
49967	2772
49967	2773
49967	2774
49967	2775
49967	2776
49967	2777
49967	2778
49967	2779
49967	2780
49967	2781
49967	2782
49967	2783
49967	2784
49967	2785
49967	2786
49968	2787
49968	2788
49968	2789
49968	2790
49968	2791
49968	2792
49968	2793
49968	2794
49968	2795
49968	2796
49968	2797
49968	2798
49968	2799
49968	2800
49968	2801
49968	2802
49968	2803
49968	2804
49968	2805
49968	2806
49968	2807
49968	2808
49968	2809
49968	2810
49968	2811
49968	2812
49968	2813
49968	2814
49968	2815
49968	2816
49968	2817
49968	2818
49968	2819
49968	2820
49968	2821
49968	2822
49968	2823
49969	2824
49969	2825
49969	2826
49969	2827
49969	2828
49969	2829
49969	2830
49969	2831
49969	2832
49969	2833
49969	2834
49969	2835
49969	2836
49969	2837
49969	2838
49969	2839
49969	2840
49969	2841
49969	2842
49969	2843
49969	2844
49969	2845
49969	2846
49969	2847
49969	2848
49969	2849
49969	2850
49969	2851
49969	2852
49969	2853
49969	2854
49969	2855
49969	2856
49969	2857
49969	2858
49969	2859
49969	2860
49969	2861
49969	2862
49969	2863
49969	2864
49969	2865
49969	2866
49969	2867
49970	2868
49970	2869
49970	2870
49970	2871
49970	2872
49970	2873
49970	2874
49970	2875
49970	2876
49970	2877
49970	2878
49970	2879
49970	2880
49970	2881
49970	2882
49970	2883
49970	2884
49970	2885
49970	2886
49970	2887
49970	2888
49970	2889
49970	2890
49970	2891
49970	2892
49970	2893
49970	2894
49970	2895
49970	2896
49970	2897
49970	2898
49970	2899
49970	2900
49970	2901
49970	2902
49970	2903
49970	2904
49970	2905
49970	2906
49970	2907
49970	2908
49970	2909
49970	2910
49970	2911
49970	2912
49971	2913
49971	2914
49971	2915
49971	2916
49971	2917
49971	2918
49971	2919
49971	2920
49971	2921
49971	2922
49971	2923
49971	2924
49971	2925
49971	2926
49971	2927
49971	2928
49971	2929
49971	2930
49971	2931
49971	2932
49971	2933
49971	2934
49971	2935
49971	2936
49971	2937
49971	2938
49971	2939
49971	2940
49971	2941
49971	2942
49971	2943
49971	2944
49971	2945
49971	2946
49971	2947
49971	2948
49972	2949
49972	2950
49972	2951
49972	2952
49972	2953
49972	2954
49972	2955
49972	2956
49972	2957
49972	2958
49972	2959
49972	2960
49972	2961
49972	2962
49972	2963
49972	2964
49972	2965
49972	2966
49972	2967
49972	2968
49972	2969
49972	2970
49972	2971
49972	2972
49972	2973
49972	2974
49972	2975
49972	2976
49972	2977
49972	2978
49972	2979
49972	2980
49972	2981
49972	2982
49972	2983
49972	2984
49972	2985
49972	2986
49972	2987
49972	2988
49972	2989
49972	2990
49972	2991
49972	2992
49972	2993
49972	2994
49972	2995
49973	2996
49973	2997
49973	2998
49973	2999
49973	3000
49973	3001
49973	3002
49973	3003
49973	3004
49973	3005
49973	3006
49973	3007
49973	3008
49973	3009
49973	3010
49973	3011
49973	3012
49973	3013
49973	3014
49973	3015
49973	3016
49973	3017
49973	3018
49973	3019
49973	3020
49973	3021
49973	3022
49973	3023
49973	3024
49973	3025
49973	3026
49973	3027
49973	3028
49974	3029
49974	3030
49974	3031
49974	3032
49974	3033
49974	3034
49974	3035
49974	3036
49974	3037
49974	3038
49974	3039
49974	3040
49974	3041
49974	3042
49974	3043
49974	3044
49974	3045
49974	3046
49974	3047
49974	3048
49974	3049
49974	3050
49974	3051
49974	3052
49974	3053
49974	3054
49974	3055
49974	3056
49974	3057
49974	3058
49974	3059
49975	3060
49975	3061
49975	3062
49975	3063
49975	3064
49975	3065
49975	3066
49975	3067
49975	3068
49975	3069
49975	3070
49975	3071
49975	3072
49975	3073
49975	3074
49975	3075
49975	3076
49975	3077
49975	3078
49975	3079
49975	3080
49975	3081
49975	3082
49975	3083
49975	3084
49975	3085
49975	3086
49975	3087
49975	3088
49975	3089
49975	3090
49975	3091
49975	3092
49975	3093
49976	3094
49976	3095
49976	3096
49976	3097
49976	3098
49976	3099
49976	3100
49976	3101
49976	3102
49976	3103
49976	3104
49976	3105
49976	3106
49976	3107
49976	3108
49976	3109
49976	3110
49976	3111
49976	3112
49976	3113
49976	3114
49976	3115
49976	3116
49976	3117
49976	3118
49976	3119
49976	3120
49976	3121
49976	3122
49976	3123
49976	3124
49976	3125
49976	3126
49977	3127
49977	3128
49977	3129
49977	3130
49977	3131
49977	3132
49977	3133
49977	3134
49977	3135
49977	3136
49977	3137
49977	3138
49977	3139
49977	3140
49977	3141
49977	3142
49977	3143
49977	3144
49977	3145
49977	3146
49977	3147
49977	3148
49977	3149
49977	3150
49977	3151
49977	3152
49977	3153
49977	3154
49977	3155
49977	3156
49977	3157
49977	3158
49977	3159
49977	3160
49977	3161
49977	3162
49978	3163
49978	3164
49978	3165
49978	3166
49978	3167
49978	3168
49978	3169
49978	3170
49978	3171
49978	3172
49978	3173
49978	3174
49978	3175
49978	3176
49978	3177
49978	3178
49978	3179
49978	3180
49978	3181
49978	3182
49978	3183
49978	3184
49978	3185
49978	3186
49978	3187
49978	3188
49978	3189
49978	3190
49978	3191
49978	3192
49978	3193
49978	3194
49978	3195
49978	3196
49979	3197
49979	3198
49979	3199
49979	3200
49979	3201
49979	3202
49979	3203
49979	3204
49979	3205
49979	3206
49979	3207
49979	3208
49979	3209
49979	3210
49979	3211
49979	3212
49979	3213
49979	3214
49979	3215
49979	3216
49979	3217
49979	3218
49979	3219
49979	3220
49980	3221
49980	3222
49980	3223
49980	3224
49980	3225
49980	3226
49980	3227
49980	3228
49980	3229
49980	3230
49980	3231
49980	3232
49980	3233
49980	3234
49980	3235
49980	3236
49980	3237
49980	3238
49980	3239
49980	3240
49980	3241
49980	3242
49980	3243
49980	3244
49980	3245
49980	3246
49980	3247
49980	3248
49980	3249
49980	3250
49980	3251
49980	3252
49980	3253
49980	3254
49980	3255
49980	3256
49980	3257
49980	3258
49980	3259
49981	3260
49981	3261
49981	3262
49981	3263
49981	3264
49981	3265
49981	3266
49981	3267
49981	3268
49981	3269
49981	3270
49981	3271
49981	3272
49981	3273
49981	3274
49981	3275
49981	3276
49981	3277
49981	3278
49981	3279
49981	3280
49981	3281
49981	3282
49981	3283
49981	3284
49981	3285
49981	3286
49982	3287
49982	3288
49982	3289
49982	3290
49982	3291
49982	3292
49982	3293
49982	3294
49982	3295
49982	3296
49982	3297
49982	3298
49982	3299
49982	3300
49982	3301
49982	3302
49982	3303
49982	3304
49982	3305
49982	3306
49982	3307
49982	3308
49982	3309
49982	3310
49982	3311
49983	3312
49983	3313
49983	3314
49983	3315
49983	3316
49983	3317
49983	3318
49983	3319
49983	3320
49983	3321
49983	3322
49983	3323
49983	3324
49983	3325
49983	3326
49983	3327
49983	3328
49983	3329
49983	3330
49983	3331
49983	3332
49983	3333
49984	3334
49984	3335
49984	3336
49984	3337
49984	3338
49984	3339
49984	3340
49984	3341
49984	3342
49984	3343
49984	3344
49984	3345
49984	3346
49984	3347
49984	3348
49984	3349
49984	3350
49984	3351
49984	3352
49984	3353
49984	3354
49984	3355
49984	3356
49984	3357
49984	3358
49985	3359
49985	3360
49985	3361
49985	3362
49985	3363
49985	3364
49985	3365
49985	3366
49985	3367
49985	3368
49985	3369
49985	3370
49985	3371
49985	3372
49985	3373
49985	3374
49985	3375
49985	3376
49985	3377
49985	3378
49986	3379
49986	3380
49986	3381
49986	3382
49986	3383
49986	3384
49986	3385
49986	3386
49986	3387
49986	3388
49986	3389
49986	3390
49986	3391
49986	3392
49986	3393
49986	3394
49986	3395
49986	3396
49986	3397
49986	3398
49986	3399
49986	3400
49986	3401
49986	3402
49986	3403
49986	3404
49987	3405
49987	3406
49987	3407
49987	3408
49987	3409
49987	3410
49987	3411
49987	3412
49987	3413
49987	3414
49987	3415
49987	3416
49987	3417
49987	3418
49987	3419
49987	3420
49987	3421
49987	3422
49988	3423
49988	3424
49988	3425
49988	3426
49988	3427
49988	3428
49988	3429
49988	3430
49988	3431
49988	3432
49988	3433
49988	3434
49988	3435
49988	3436
49988	3437
49988	3438
49988	3439
49988	3440
49988	3441
49988	3442
49988	3443
49988	3444
49988	3445
49989	3446
49989	3447
49989	3448
49989	3449
49989	3450
49989	3451
49989	3452
49989	3453
49989	3454
49989	3455
49989	3456
49989	3457
49989	3458
49989	3459
49989	3460
49989	3461
49989	3462
49989	3463
49989	3464
49989	3465
49989	3466
49989	3467
49989	3468
49989	3469
49989	3470
49990	3471
49990	3472
49990	3473
49990	3474
49990	3475
49990	3476
49990	3477
49990	3478
49990	3479
49990	3480
49990	3481
49990	3482
49990	3483
49990	3484
49990	3485
49990	3486
49990	3487
49990	3488
49990	3489
49990	3490
49990	3491
49990	3492
49990	3493
49991	3494
49991	3495
49991	3496
49991	3497
49991	3498
49991	3499
49991	3500
49991	3501
49991	3502
49991	3503
49991	3504
49991	3505
49991	3506
49991	3507
49991	3508
49991	3509
49991	3510
49991	3511
49991	3512
49991	3513
49992	3514
49992	3515
49992	3516
49992	3517
49992	3518
49992	3519
49992	3520
49992	3521
49992	3522
49992	3523
49992	3524
49992	3525
49992	3526
49992	3527
49992	3528
49992	3529
49992	3530
49992	3531
49992	3532
49992	3533
49993	3534
49993	3535
49993	3536
49993	3537
49993	3538
49993	3539
49993	3540
49993	3541
49994	3542
49994	3543
49994	3544
49994	3545
49994	3546
49994	3547
49994	3548
49994	3549
49994	3550
49994	3551
49994	3552
49994	3553
49995	3554
49995	3555
49995	3556
49995	3557
49995	3558
49995	3559
49995	3560
49995	3561
49995	3562
49995	3563
49995	3564
49995	3565
49995	3566
49995	3567
49995	3568
49996	3569
49996	3570
49996	3571
49996	3572
49996	3573
49996	3574
49996	3575
49996	3576
49996	3577
49996	3578
49996	3579
49996	3580
49997	3581
49997	3582
49997	3583
49998	3584
49998	3585
49998	3586
49998	3587

Year	Foremothers
0	1
21939	1
24215	2
30776	3
36807	4
37033	5
38591	6
39790	7
40496	8
40827	9
41655	10
43000	11
43109	12
43365	13
43456	14
44078	15
44384	16
44424	17
45215	18
45315	19
45522	20
45639	21
45694	22
45956	23
45959	24
45979	25
46036	26
46053	27
46100	28
46116	29
46244	30
46282	31
46405	32
46464	33
46589	34
46601	35
46817	36
47021	37
47345	38
47416	39
47440	40
47461	41
47519	42
47591	43
47610	44
47684	45
47773	46
47777	47
47785	48
47835	49
47874	50
47902	51
47948	52
48018	53
48027	54
48072	55
48096	56
48110	57
48130	58
48162	59
48164	60
48171	61
48190	62
48204	63
48242	64
48245	65
48257	66
48263	67
48267	68
48282	69
48300	70
48315	71
48336	72
48337	73
48442	74
48521	75
48527	76
48543	77
48577	78
48586	79
48594	80
48611	81
48637	82
48652	83
48691	84
48728	85
48742	86
48763	87
48766	88
48773	89
48812	90
48818	91
48821	92
48827	93
48835	94
48845	95
48855	96
48859	97
48883	98
48903	99
48948	100
48953	101
48960	102
48965	103
48968	104
48987	105
48992	106
49004	107
49005	108
49011	109
49016	110
49034	111
49035	112
49037	113
49053	114
49053	115
49075	116
49091	117
49092	118
49095	119
49096	120
49096	121
49102	122
49122	123
49139	124
49146	125
49152	126
49152	127
49155	128
49160	129
49162	130
49166	131
49185	132
49187	133
49187	134
49188	135
49193	136
49195	137
49197	138
49198	139
49204	140
49210	141
49224	142
49230	143
49245	144
49250	145
49254	146
49261	147
49279	148
49280	149
49283	150
49298	151
49302	152
49303	153
49310	154
49318	155
49320	156
49323	157
49328	158
49347	159
49356	160
49358	161
49359	162
49360	163
49365	164
49366	165
49370	166
49371	167
49374	168
49377	169
49378	170
49381	171
49390	172
49391	173
49392	174
49395	175
49401	176
49401	177
49401	178
49402	179
49406	180
49412	181
49414	182
49420	183
49426	184
49431	185
49431	186
49434	187
49435	188
49438	189
49439	190
49442	191
49445	192
49447	193
49448	194
49449	195
49454	196
49456	197
49458	198
49458	199
49462	200
49462	201
49466	202
49469	203
49473	204
49474	205
49475	206
49480	207
49485	208
49486	209
49489	210
49491	211
49494	212
49497	213
49502	214
49504	215
49508	216
49510	217
49511	218
49514	219
49516	220
49518	221
49520	222
49521	223
49523	224
49523	225
49524	226
49525	227
49526	228
49526	229
49527	230
49528	231
49528	232
49530	233
49537	234
49538	235
49541	236
49541	237
49548	238
49548	239
49553	240
49558	241
49561	242
49564	243
49564	244
49564	245
49565	246
49565	247
49565	248
49569	249
49569	250
49570	251
49571	252
49572	253
49572	254
49573	255
49573	256
49574	257
49577	258
49578	259
49579	260
49583	261
49584	262
49585	263
49587	264
49588	265
49592	266
49595	267
49595	268
49601	269
49602	270
49602	271
49603	272
49604	273
49605	274
49609	275
49609	276
49610	277
49611	278
49611	279
49612	280
49613	281
49613	282
49614	283
49615	284
49616	285
49617	286
49619	287
49620	288
49621	289
49621	290
49624	291
49624	292
49626	293
49628	294
49634	295
49636	296
49638	297
49640	298
49640	299
49641	300
49643	301
49646	302
49646	303
49650	304
49651	305
49651	306
49652	307
49654	308
49655	309
49656	310
49657	311
49658	312
49660	313
49662	314
49663	315
49668	316
49669	317
49670	318
49670	319
49670	320
49673	321
49676	322
49677	323
49679	324
49679	325
49679	326
49679	327
49680	328
49680	329
49681	330
49681	331
49682	332
49682	333
49682	334
49683	335
49684	336
49689	337
49690	338
49692	339
49693	340
49696	341
49697	342
49697	343
49698	344
49699	345
49700	346
49700	347
49701	348
49701	349
49702	350
49703	351
49703	352
49704	353
49704	354
49705	355
49706	356
49708	357
49708	358
49708	359
49710	360
49710	361
49712	362
49712	363
49713	364
49714	365
49716	366
49719	367
49719	368
49720	369
49721	370
49722	371
49724	372
49725	373
49725	374
49726	375
49726	376
49728	377
49728	378
49729	379
49729	380
49731	381
49732	382
49733	383
49734	384
49735	385
49737	386
49738	387
49738	388
49739	389
49740	390
49741	391
49742	392
49745	393
49746	394
49746	395
49747	396
49747	397
49747	398
49748	399
49749	400
49751	401
49753	402
49753	403
49754	404
49754	405
49755	406
49755	407
49756	408
49756	409
49757	410
49757	411
49759	412
49759	413
49759	414
49760	415
49760	416
49760	417
49761	418
49761	419
49761	420
49761	421
49762	422
49762	423
49762	424
49763	425
49763	426
49764	427
49765	428
49765	429
49767	430
49767	431
49767	432
49768	433
49769	434
49769	435
49770	436
49770	437
49771	438
49772	439
49772	440
49772	441
49772	442
49773	443
49773	444
49774	445
49774	446
49774	447
49775	448
49776	449
49777	450
49778	451
49780	452
49780	453
49780	454
49780	455
49781	456
49781	457
49781	458
49781	459
49782	460
49783	461
49783	462
49784	463
49784	464
49786	465
49787	466
49787	467
49789	468
49790	469
49790	470
49790	471
49791	472
49791	473
49791	474
49791	475
49792	476
49793	477
49793	478
49794	479
49794	480
49794	481
49794	482
49794	483
49795	484
49796	485
49796	486
49797	487
49797	488
49797	489
49797	490
49798	491
49798	492
49800	493
49800	494
49800	495
49800	496
49800	497
49801	498
49801	499
49801	500
49802	501
49803	502
49803	503
49804	504
49805	505
49806	506
49806	507
49806	508
49807	509
49807	510
49808	511
49808	512
49808	513
49808	514
49808	515
49808	516
49809	517
49809	518
49809	519
49809	520
49809	521
49809	522
49810	523
49810	524
49810	525
49810	526
49811	527
49811	528
49813	529
49813	530
49813	531
49814	532
49814	533
49814	534
49814	535
49814	536
49815	537
49815	538
49815	539
49816	540
49816	541
49817	542
49817	543
49817	544
49817	545
49817	546
49818	547
49818	548
49819	549
49819	550
49819	551
49820	552
49822	553
49822	554
49823	555
49824	556
49824	557
49825	558
49825	559
49825	560
49825	561
49827	562
49827	563
49827	564
49828	565
49828	566
49829	567
49829	568
49829	569
49830	570
49830	571
49830	572
49830	573
49830	574
49831	575
49831	576
49831	577
49831	578
49831	579
49832	580
49832	581
49832	582
49833	583
49833	584
49834	585
49834	586
49834	587
49834	588
49834	589
49835	590
49835	591
49836	592
49836	593
49836	594
49836	595
49836	596
49836	597
49837	598
49837	599
49837	600
49837	601
49837	602
49838	603
49838	604
49839	605
49839	606
49839	607
49839	608
49839	609
49839	610
49839	611
49840	612
49840	613
49841	614
49842	615
49843	616
49843	617
49843	618
49843	619
49843	620
49844	621
49844	622
49845	623
49845	624
49845	625
49846	626
49846	627
49847	628
49847	629
49848	630
49848	631
49849	632
49849	633
49849	634
49849	635
49849	636
49850	637
49850	638
49850	639
49851	640
49851	641
49851	642
49852	643
49852	644
49853	645
49853	646
49853	647
49853	648
49853	649
49854	650
49854	651
49854	652
49854	653
49855	654
49855	655
49855	656
49855	657
49856	658
49856	659
49856	660
49856	661
49856	662
49856	663
49857	664
49857	665
49857	666
49858	667
49858	668
49858	669
49858	670
49859	671
49859	672
49859	673
49859	674
49859	675
49860	676
49860	677
49860	678
49860	679
49861	680
49861	681
49861	682
49861	683
49861	684
49862	685
49862	686
49862	687
49862	688
49862	689
49863	690
49863	691
49864	692
49864	693
49864	694
49865	695
49865	696
49865	697
49865	698
49865	699
49865	700
49865	701
49866	702
49866	703
49866	704
49867	705
49867	706
49867	707
49867	708
49867	709
49867	710
49867	711
49868	712
49868	713
49868	714
49868	715
49868	716
49868	717
49868	718
49868	719
49869	720
49870	721
49870	722
49870	723
49870	724
49870	725
49870	726
49871	727
49871	728
49871	729
49872	730
49872	731
49872	732
49872	733
49872	734
49872	735
49873	736
49873	737
49873	738
49873	739
49874	740
49874	741
49874	742
49875	743
49875	744
49876	745
49877	746
49877	747
49877	748
49877	749
49878	750
49878	751
49878	752
49878	753
49878	754
49878	755
49878	756
49878	757
49878	758
49878	759
49879	760
49879	761
49879	762
49879	763
49879	764
49880	765
49880	766
49880	767
49880	768
49880	769
49880	770
49880	771
49880	772
49880	773
49881	774
49881	775
49881	776
49881	777
49882	778
49882	779
49882	780
49882	781
49882	782
49882	783
49882	784
49883	785
49883	786
49884	787
49884	788
49884	789
49884	790
49884	791
49884	792
49884	793
49884	794
49885	795
49885	796
49885	797
49885	798
49886	799
49887	800
49887	801
49887	802
49888	803
49888	804
49888	805
49888	806
49888	807
49888	808
49888	809
49888	810
49889	811
49889	812
49889	813
49889	814
49889	815
49889	816
49889	817
49889	818
49890	819
49890	820
49890	821
49890	822
49890	823
49890	824
49890	825
49890	826
49890	827
49890	828
49891	829
49891	830
49891	831
49891	832
49891	833
49891	834
49891	835
49891	836
49891	837
49891	838
49891	839
49892	840
49892	841
49892	842
49892	843
49893	844
49893	845
49893	846
49893	847
49893	848
49894	849
49894	850
49894	851
49894	852
49894	853
49894	854
49895	855
49895	856
49895	857
49895	858
49895	859
49895	860
49895	861
49896	862
49896	863
49896	864
49896	865
49896	866
49896	867
49896	868
49896	869
49896	870
49896	871
49896	872
49896	873
49897	874
49897	875
49897	876
49897	877
49897	878
49897	879
49898	880
49898	881
49898	882
49898	883
49899	884
49899	885
49899	886
49899	887
49899	888
49899	889
49899	890
49899	891
49899	892
49900	893
49900	894
49900	895
49900	896
49900	897
49900	898
49900	899
49900	900
49900	901
49900	902
49900	903
49901	904
49901	905
49901	906
49901	907
49901	908
49901	909
49901	910
49901	911
49902	912
49902	913
49902	914
49902	915
49902	916
49903	917
49903	918
49903	919
49903	920
49903	921
49904	922
49904	923
49904	924
49904	925
49904	926
49904	927
49904	928
49905	929
49905	930
49905	931
49905	932
49905	933
49905	934
49905	935
49905	936
49906	937
49906	938
49906	939
49906	940
49906	941
49906	942
49906	943
49907	944
49907	945
49907	946
49907	947
49907	948
49907	949
49907	950
49907	951
49908	952
49908	953
49908	954
49908	955
49908	956
49908	957
49908	958
49908	959
49908	960
49909	961
49909	962
49909	963
49909	964
49909	965
49909	966
49909	967
49909	968
49910	969
49910	970
49910	971
49910	972
49910	973
49910	974
49910	975
49910	976
49910	977
49910	978
49910	979
49910	980
49911	981
49911	982
49911	983
49911	984
49911	985
49911	986
49911	987
49911	988
49911	989
49911	990
49911	991
49911	992
49912	993
49912	994
49912	995
49912	996
49912	997
49912	998
49913	999
49913	1000
49913	1001
49913	1002
49913	1003
49913	1004
49913	1005
49913	1006
49913	1007
49913	1008
49913	1009
49914	1010
49914	1011
49914	1012
49914	1013
49914	1014
49914	1015
49915	1016
49915	1017
49915	1018
49915	1019
49915	1020
49915	1021
49915	1022
49915	1023
49915	1024
49915	1025
49916	1026
49916	1027
49916	1028
49916	1029
49916	1030
49916	1031
49916	1032
49916	1033
49916	1034
49917	1035
49917	1036
49917	1037
49917	1038
49917	1039
49917	1040
49917	1041
49917	1042
49917	1043
49917	1044
49917	1045
49918	1046
49918	1047
49918	1048
49918	1049
49918	1050
49918	1051
49918	1052
49918	1053
49918	1054
49918	1055
49918	1056
49918	1057
49918	1058
49919	1059
49919	1060
49919	1061
49919	1062
49919	1063
49920	1064
49920	1065
49920	1066
49920	1067
49920	1068
49920	1069
49920	1070
49920	1071
49920	1072
49920	1073
49920	1074
49920	1075
49920	1076
49920	1077
49921	1078
49921	1079
49921	1080
49921	1081
49921	1082
49921	1083
49921	1084
49921	1085
49921	1086
49921	1087
49922	1088
49922	1089
49922	1090
49922	1091
49922	1092
49922	1093
49922	1094
49922	1095
49922	1096
49922	1097
49922	1098
49922	1099
49923	1100
49923	1101
49923	1102
49923	1103
49923	1104
49923	1105
49923	1106
49923	1107
49923	1108
49923	1109
49923	1110
49923	1111
49923	1112
49923	1113
49923	1114
49923	1115
49924	1116
49924	1117
49924	1118
49924	1119
49924	1120
49924	1121
49924	1122
49924	1123
49924	1124
49924	1125
49924	1126
49924	1127
49924	1128
49924	1129
49924	1130
49924	1131
49924	1132
49924	1133
49924	1134
49925	1135
49925	1136
49925	1137
49925	1138
49925	1139
49925	1140
49925	1141
49925	1142
49925	1143
49925	1144
49925	1145
49925	1146
49925	1147
49925	1148
49925	1149
49925	1150
49925	1151
49925	1152
49925	1153
49925	1154
49926	1155
49926	1156
49926	1157
49926	1158
49926	1159
49926	1160
49926	1161
49926	1162
49926	1163
49926	1164
49926	1165
49926	1166
49926	1167
49926	1168
49926	1169
49926	1170
49926	1171
49927	1172
49927	1173
49927	1174
49927	1175
49927	1176
49927	1177
49927	1178
49927	1179
49927	1180
49927	1181
49927	1182
49927	1183
49927	1184
49927	1185
49927	1186
49927	1187
49927	1188
49928	1189
49928	1190
49928	1191
49928	1192
49928	1193
49928	1194
49928	1195
49928	1196
49928	1197
49928	1198
49928	1199
49928	1200
49928	1201
49928	1202
49928	1203
49928	1204
49928	1205
49928	1206
49928	1207
49928	1208
49929	1209
49929	1210
49929	1211
49929	1212
49929	1213
49929	1214
49929	1215
49929	1216
49929	1217
49929	1218
49929	1219
49929	1220
49929	1221
49929	1222
49929	1223
49930	1224
49930	1225
49930	1226
49930	1227
49930	1228
49930	1229
49930	1230
49930	1231
49930	1232
49930	1233
49930	1234
49930	1235
49930	1236
49930	1237
49930	1238
49930	1239
49930	1240
49930	1241
49930	1242
49930	1243
49930	1244
49931	1245
49931	1246
49931	1247
49931	1248
49931	1249
49931	1250
49931	1251
49931	1252
49931	1253
49931	1254
49931	1255
49931	1256
49931	1257
49931	1258
49931	1259
49931	1260
49931	1261
49932	1262
49932	1263
49932	1264
49932	1265
49932	1266
49932	1267
49932	1268
49932	1269
49932	1270
49932	1271
49932	1272
49932	1273
49932	1274
49932	1275
49932	1276
49932	1277
49932	1278
49932	1279
49932	1280
49932	1281
49933	1282
49933	1283
49933	1284
49933	1285
49933	1286
49933	1287
49933	1288
49933	1289
49933	1290
49933	1291
49933	1292
49933	1293
49933	1294
49933	1295
49933	1296
49933	1297
49933	1298
49933	1299
49933	1300
49933	1301
49933	1302
49933	1303
49934	1304
49934	1305
49934	1306
49934	1307
49934	1308
49934	1309
49934	1310
49934	1311
49934	1312
49934	1313
49934	1314
49934	1315
49934	1316
49934	1317
49934	1318
49934	1319
49934	1320
49934	1321
49934	1322
49935	1323
49935	1324
49935	1325
49935	1326
49935	1327
49935	1328
49935	1329
49935	1330
49935	1331
49935	1332
49935	1333
49935	1334
49935	1335
49935	1336
49935	1337
49935	1338
49935	1339
49935	1340
49935	1341
49935	1342
49935	1343
49936	1344
49936	1345
49936	1346
49936	1347
49936	1348
49936	1349
49936	1350
49936	1351
49936	1352
49936	1353
49936	1354
49936	1355
49936	1356
49936	1357
49936	1358
49936	1359
49936	1360
49936	1361
49936	1362
49936	1363
49936	1364
49936	1365
49936	1366
49936	1367
49936	1368
49936	1369
49936	1370
49937	1371
49937	1372
49937	1373
49937	1374
49937	1375
49937	1376
49937	1377
49937	1378
49937	1379
49937	1380
49937	1381
49937	1382
49937	1383
49937	1384
49937	1385
49937	1386
49937	1387
49937	1388
49937	1389
49937	1390
49937	1391
49937	1392
49937	1393
49937	1394
49937	1395
49937	1396
49937	1397
49937	1398
49937	1399
49937	1400
49937	1401
49937	1402
49937	1403
49937	1404
49937	1405
49938	1406
49938	1407
49938	1408
49938	1409
49938	1410
49938	1411
49938	1412
49938	1413
49938	1414
49938	1415
49938	1416
49938	1417
49938	1418
49938	1419
49938	1420
49938	1421
49938	1422
49938	1423
49938	1424
49938	1425
49938	1426
49938	1427
49938	1428
49938	1429
49938	1430
49938	1431
49938	1432
49938	1433
49938	1434
49938	1435
49938	1436
49938	1437
49938	1438
49938	1439
49939	1440
49939	1441
49939	1442
49939	1443
49939	1444
49939	1445
49939	1446
49939	1447
49939	1448
49939	1449
49939	1450
49939	1451
49939	1452
49939	1453
49939	1454
49939	1455
49939	1456
49939	1457
49939	1458
49939	1459
49939	1460
49939	1461
49939	1462
49939	1463
49939	1464
49939	1465
49939	1466
49939	1467
49939	1468
49939	1469
49940	1470
49940	1471
49940	1472
49940	1473
49940	1474
49940	1475
49940	1476
49940	1477
49940	1478
49940	1479
49940	1480
49940	1481
49940	1482
49940	1483
49940	1484
49940	1485
49940	1486
49940	1487
49940	1488
49940	1489
49940	1490
49940	1491
49940	1492
49940	1493
49940	1494
49940	1495
49940	1496
49940	1497
49940	1498
49940	1499
49940	1500
49940	1501
49940	1502
49940	1503
49940	1504
49940	1505
49940	1506
49940	1507
49940	1508
49940	1509
49940	1510
49941	1511
49941	1512
49941	1513
49941	1514
49941	1515
49941	1516
49941	1517
49941	1518
49941	1519
49941	1520
49941	1521
49941	1522
49941	1523
49941	1524
49941	1525
49941	1526
49941	1527
49941	1528
49941	1529
49941	1530
49941	1531
49941	1532
49941	1533
49941	1534
49941	1535
49941	1536
49941	1537
49941	1538
49941	1539
49941	1540
49941	1541
49941	1542
49941	1543
49941	1544
49941	1545
49941	1546
49941	1547
49941	1548
49941	1549
49941	1550
49942	1551
49942	1552
49942	1553
49942	1554
49942	1555
49942	1556
49942	1557
49942	1558
49942	1559
49942	1560
49942	1561
49942	1562
49942	1563
49942	1564
49942	1565
49942	1566
49942	1567
49942	1568
49942	1569
49942	1570
49942	1571
49942	1572
49942	1573
49942	1574
49942	1575
49942	1576
49942	1577
49942	1578
49942	1579
49942	1580
49942	1581
49942	1582
49942	1583
49942	1584
49942	1585
49942	1586
49942	1587
49942	1588
49943	1589
49943	1590
49943	1591
49943	1592
49943	1593
49943	1594
49943	1595
49943	1596
49943	1597
49943	1598
49943	1599
49943	1600
49943	1601
49943	1602
49943	1603
49943	1604
49943	1605
49943	1606
49943	1607
49943	1608
49943	1609
49943	1610
49943	1611
49943	1612
49943	1613
49943	1614
49943	1615
49943	1616
49943	1617
49943	1618
49943	1619
49943	1620
49943	1621
49943	1622
49943	1623
49943	1624
49943	1625
49943	1626
49943	1627
49943	1628
49943	1629
49943	1630
49943	1631
49943	1632
49943	1633
49943	1634
49944	1635
49944	1636
49944	1637
49944	1638
49944	1639
49944	1640
49944	1641
49944	1642
49944	1643
49944	1644
49944	1645
49944	1646
49944	1647
49944	1648
49944	1649
49944	1650
49944	1651
49944	1652
49944	1653
49944	1654
49944	1655
49944	1656
49944	1657
49944	1658
49944	1659
49944	1660
49944	1661
49944	1662
49944	1663
49944	1664
49944	1665
49944	1666
49944	1667
49944	1668
49944	1669
49945	1670
49945	1671
49945	1672
49945	1673
49945	1674
49945	1675
49945	1676
49945	1677
49945	1678
49945	1679
49945	1680
49945	1681
49945	1682
49945	1683
49945	1684
49945	1685
49945	1686
49945	1687
49945	1688
49945	1689
49945	1690
49945	1691
49945	1692
49945	1693
49945	1694
49945	1695
49945	1696
49945	1697
49945	1698
49945	1699
49945	1700
49945	1701
49945	1702
49945	1703
49945	1704
49945	1705
49945	1706
49945	1707
49945	1708
49945	1709
49945	1710
49945	1711
49945	1712
49945	1713
49945	1714
49945	1715
49945	1716
49946	1717
49946	1718
49946	1719
49946	1720
49946	1721
49946	1722
49946	1723
49946	1724
49946	1725
49946	1726
49946	1727
49946	1728
49946	1729
49946	1730
49946	1731
49946	1732
49946	1733
49946	1734
49946	1735
49946	1736
49946	1737
49946	1738
49946	1739
49946	1740
49946	1741
49946	1742
49946	1743
49946	1744
49946	1745
49946	1746
49946	1747
49946	1748
49946	1749
49946	1750
49946	1751
49946	1752
49946	1753
49946	1754
49946	1755
49946	1756
49946	1757
49946	1758
49946	1759
49946	1760
49946	1761
49946	1762
49946	1763
49947	1764
49947	1765
49947	1766
49947	1767
49947	1768
49947	1769
49947	1770
49947	1771
49947	1772
49947	1773
49947	1774
49947	1775
49947	1776
49947	1777
49947	1778
49947	1779
49947	1780
49947	1781
49947	1782
49947	1783
49947	1784
49947	1785
49947	1786
49947	1787
49947	1788
49947	1789
49947	1790
49947	1791
49947	1792
49947	1793
49947	1794
49947	1795
49947	1796
49947	1797
49947	1798
49947	1799
49947	1800
49947	1801
49947	1802
49947	1803
49947	1804
49947	1805
49947	1806
49947	1807
49947	1808
49948	1809
49948	1810
49948	1811
49948	1812
49948	1813
49948	1814
49948	1815
49948	1816
49948	1817
49948	1818
49948	1819
49948	1820
49948	1821
49948	1822
49948	1823
49948	1824
49948	1825
49948	1826
49948	1827
49948	1828
49948	1829
49948	1830
49948	1831
49948	1832
49948	1833
49948	1834
49948	1835
49948	1836
49948	1837
49948	1838
49948	1839
49948	1840
49948	1841
49948	1842
49948	1843
49948	1844
49948	1845
49948	1846
49948	1847
49948	1848
49948	1849
49948	1850
49948	1851
49948	1852
49948	1853
49948	1854
49948	1855
49948	1856
49948	1857
49948	1858
49948	1859
49948	1860
49948	1861
49948	1862
49948	1863
49948	1864
49949	1865
49949	1866
49949	1867
49949	1868
49949	1869
49949	1870
49949	1871
49949	1872
49949	1873
49949	1874
49949	1875
49949	1876
49949	1877
49949	1878
49949	1879
49949	1880
49949	1881
49949	1882
49949	1883
49949	1884
49949	1885
49949	1886
49949	1887
49949	1888
49949	1889
49949	1890
49949	1891
49949	1892
49949	1893
49949	1894
49949	1895
49949	1896
49949	1897
49949	1898
49949	1899
49949	1900
49949	1901
49949	1902
49949	1903
49949	1904
49949	1905
49949	1906
49949	1907
49949	1908
49949	1909
49949	1910
49949	1911
49949	1912
49949	1913
49950	1914
49950	1915
49950	1916
49950	1917
49950	1918
49950	1919
49950	1920
49950	1921
49950	1922
49950	1923
49950	1924
49950	1925
49950	1926
49950	1927
49950	1928
49950	1929
49950	1930
49950	1931
49950	1932
49950	1933
49950	1934
49950	1935
49950	1936
49950	1937
49950	1938
49950	1939
49950	1940
49950	1941
49950	1942
49950	1943
49950	1944
49950	1945
49950	1946
49950	1947
49950	1948
49950	1949
49950	1950
49950	1951
49950	1952
49950	1953
49950	1954
49950	1955
49950	1956
49950	1957
49950	1958
49950	1959
49950	1960
49951	1961
49951	1962
49951	1963
49951	1964
49951	1965
49951	1966
49951	1967
49951	1968
49951	1969
49951	1970
49951	1971
49951	1972
49951	1973
49951	1974
49951	1975
49951	1976
49951	1977
49951	1978
49951	1979
49951	1980
49951	1981
49951	1982
49951	1983
49951	1984
49951	1985
49951	1986
49951	1987
49951	1988
49951	1989
49951	1990
49951	1991
49951	1992
49951	1993
49951	1994
49951	1995
49951	1996
49951	1997
49951	1998
49951	1999
49951	2000
49951	2001
49951	2002
49951	2003
49951	2004
49951	2005
49951	2006
49951	2007
49951	2008
49951	2009
49951	2010
49951	2011
49951	2012
49951	2013
49952	2014
49952	2015
49952	2016
49952	2017
49952	2018
49952	2019
49952	2020
49952	2021
49952	2022
49952	2023
49952	2024
49952	2025
49952	2026
49952	2027
49952	2028
49952	2029
49952	2030
49952	2031
49952	2032
49952	2033
49952	2034
49952	2035
49952	2036
49952	2037
49952	2038
49952	2039
49952	2040
49952	2041
49952	2042
49952	2043
49952	2044
49952	2045
49952	2046
49952	2047
49953	2048
49953	2049
49953	2050
49953	2051
49953	2052
49953	2053
49953	2054
49953	2055
49953	2056
49953	2057
49953	2058
49953	2059
49953	2060
49953	2061
49953	2062
49953	2063
49953	2064
49953	2065
49953	2066
49953	2067
49953	2068
49953	2069
49953	2070
49953	2071
49953	2072
49953	2073
49953	2074
49953	2075
49953	2076
49953	2077
49953	2078
49953	2079
49953	2080
49953	2081
49953	2082
49953	2083
49953	2084
49953	2085
49953	2086
49953	2087
49953	2088
49953	2089
49953	2090
49953	2091
49953	2092
49953	2093
49953	2094
49953	2095
49953	2096
49953	2097
49953	2098
49953	2099
49953	2100
49953	2101
49953	2102
49954	2103
49954	2104
49954	2105
49954	2106
49954	2107
49954	2108
49954	2109
49954	2110
49954	2111
49954	2112
49954	2113
49954	2114
49954	2115
49954	2116
49954	2117
49954	2118
49954	2119
49954	2120
49954	2121
49954	2122
49954	2123
49954	2124
49954	2125
49954	2126
49954	2127
49954	2128
49954	2129
49954	2130
49954	2131
49954	2132
49954	2133
49954	2134
49954	2135
49954	2136
49954	2137
49954	2138
49954	2139
49954	2140
49954	2141
49954	2142
49954	2143
49954	2144
49954	2145
49954	2146
49954	2147
49955	2148
49955	2149
49955	2150
49955	2151
49955	2152
49955	2153
49955	2154
49955	2155
49955	2156
49955	2157
49955	2158
49955	2159
49955	2160
49955	2161
49955	2162
49955	2163
49955	2164
49955	2165
49955	2166
49955	2167
49955	2168
49955	2169
49955	2170
49955	2171
49955	2172
49955	2173
49955	2174
49955	2175
49955	2176
49955	2177
49955	2178
49955	2179
49955	2180
49955	2181
49955	2182
49955	2183
49955	2184
49955	2185
49955	2186
49955	2187
49955	2188
49955	2189
49955	2190
49955	2191
49955	2192
49955	2193
49955	2194
49955	2195
49955	2196
49955	2197
49955	2198
49955	2199
49955	2200
49955	2201
49955	2202
49955	2203
49956	2204
49956	2205
49956	2206
49956	2207
49956	2208
49956	2209
49956	2210
49956	2211
49956	2212
49956	2213
49956	2214
49956	2215
49956	2216
49956	2217
49956	2218
49956	2219
49956	2220
49956	2221
49956	2222
49956	2223
49956	2224
49956	2225
49956	2226
49956	2227
49956	2228
49956	2229
49956	2230
49956	2231
49956	2232
49956	2233
49956	2234
49956	2235
49956	2236
49956	2237
49956	2238
49956	2239
49956	2240
49956	2241
49956	2242
49956	2243
49956	2244
49956	2245
49956	2246
49956	2247
49956	2248
49956	2249
49956	2250
49957	2251
49957	2252
49957	2253
49957	2254
49957	2255
49957	2256
49957	2257
49957	2258
49957	2259
49957	2260
49957	2261
49957	2262
49957	2263
49957	2264
49957	2265
49957	2266
49957	2267
49957	2268
49957	2269
49957	2270
49957	2271
49957	2272
49957	2273
49957	2274
49957	2275
49957	2276
49957	2277
49957	2278
49957	2279
49957	2280
49957	2281
49957	2282
49957	2283
49957	2284
49957	2285
49957	2286
49957	2287
49957	2288
49957	2289
49957	2290
49957	2291
49957	2292
49957	2293
49957	2294
49957	2295
49957	2296
49957	2297
49957	2298
49957	2299
49958	2300
49958	2301
49958	2302
49958	2303
49958	2304
49958	2305
49958	2306
49958	2307
49958	2308
49958	2309
49958	2310
49958	2311
49958	2312
49958	2313
49958	2314
49958	2315
49958	2316
49958	2317
49958	2318
49958	2319
49958	2320
49958	2321
49958	2322
49958	2323
49958	2324
49958	2325
49958	2326
49958	2327
49958	2328
49958	2329
49958	2330
49958	2331
49958	2332
49958	2333
49959	2334
49959	2335
49959	2336
49959	2337
49959	2338
49959	2339
49959	2340
49959	2341
49959	2342
49959	2343
49959	2344
49959	2345
49959	2346
49959	2347
49959	2348
49959	2349
49959	2350
49959	2351
49959	2352
49959	2353
49959	2354
49959	2355
49959	2356
49959	2357
49959	2358
49959	2359
49959	2360
49959	2361
49959	2362
49959	2363
49959	2364
49959	2365
49959	2366
49959	2367
49959	2368
49959	2369
49959	2370
49959	2371
49959	2372
49959	2373
49959	2374
49959	2375
49959	2376
49959	2377
49959	2378
49960	2379
49960	2380
49960	2381
49960	2382
49960	2383
49960	2384
49960	2385
49960	2386
49960	2387
49960	2388
49960	2389
49960	2390
49960	2391
49960	2392
49960	2393
49960	2394
49960	2395
49960	2396
49960	2397
49960	2398
49960	2399
49960	2400
49960	2401
49960	2402
49960	2403
49960	2404
49960	2405
49960	2406
49960	2407
49960	2408
49960	2409
49960	2410
49960	2411
49960	2412
49960	2413
49960	2414
49960	2415
49960	2416
49961	2417
49961	2418
49961	2419
49961	2420
49961	2421
49961	2422
49961	2423
49961	2424
49961	2425
49961	2426
49961	2427
49961	2428
49961	2429
49961	2430
49961	2431
49961	2432
49961	2433
49961	2434
49961	2435
49961	2436
49961	2437
49961	2438
49961	2439
49961	2440
49961	2441
49961	2442
49961	2443
49961	2444
49961	2445
49961	2446
49961	2447
49961	2448
49961	2449
49961	2450
49961	2451
49961	2452
49961	2453
49961	2454
49961	2455
49961	2456
49961	2457
49961	2458
49961	2459
49961	2460
49961	2461
49961	2462
49961	2463
49961	2464
49961	2465
49961	2466
49961	2467
49961	2468
49961	2469
49962	2470
49962	2471
49962	2472
49962	2473
49962	2474
49962	2475
49962	2476
49962	2477
49962	2478
49962	2479
49962	2480
49962	2481
49962	2482
49962	2483
49962	2484
49962	2485
49962	2486
49962	2487
49962	2488
49962	2489
49962	2490
49962	2491
49962	2492
49962	2493
49962	2494
49962	2495
49962	2496
49962	2497
49962	2498
49962	2499
49962	2500
49962	2501
49962	2502
49962	2503
49962	2504
49962	2505
49962	2506
49962	2507
49962	2508
49962	2509
49962	2510
49962	2511
49962	2512
49962	2513
49962	2514
49962	2515
49962	2516
49962	2517
49962	2518
49962	2519
49962	2520
49962	2521
49962	2522
49962	2523
49963	2524
49963	2525
49963	2526
49963	2527
49963	2528
49963	2529
49963	2530
49963	2531
49963	2532
49963	2533
49963	2534
49963	2535
49963	2536
49963	2537
49963	2538
49963	2539
49963	2540
49963	2541
49963	2542
49963	2543
49963	2544
49963	2545
49963	2546
49963	2547
49963	2548
49963	2549
49963	2550
49963	2551
49963	2552
49963	2553
49963	2554
49963	2555
49963	2556
49963	2557
49963	2558
49963	2559
49963	2560
49963	2561
49963	2562
49963	2563
49963	2564
49963	2565
49963	2566
49963	2567
49963	2568
49963	2569
49964	2570
49964	2571
49964	2572
49964	2573
49964	2574
49964	2575
49964	2576
49964	2577
49964	2578
49964	2579
49964	2580
49964	2581
49964	2582
49964	2583
49964	2584
49964	2585
49964	2586
49964	2587
49964	2588
49964	2589
49964	2590
49964	2591
49964	2592
49964	2593
49964	2594
49964	2595
49964	2596
49964	2597
49964	2598
49964	2599
49964	2600
49964	2601
49964	2602
49964	2603
49964	2604
49964	2605
49964	2606
49964	2607
49964	2608
49964	2609
49964	2610
49964	2611
49964	2612
49964	2613
49964	2614
49964	2615
49964	2616
49964	2617
49964	2618
49965	2619
49965	2620
49965	2621
49965	2622
49965	2623
49965	2624
49965	2625
49965	2626
49965	2627
49965	2628
49965	2629
49965	2630
49965	2631
49965	2632
49965	2633
49965	2634
49965	2635
49965	2636
49965	2637
49965	2638
49965	2639
49965	2640
49965	2641
49965	2642
49965	2643
49965	2644
49965	2645
49965	2646
49965	2647
49965	2648
49965	2649
49965	2650
49965	2651
49965	2652
49965	2653
49965	2654
49965	2655
49965	2656
49965	2657
49965	2658
49965	2659
49965	2660
49965	2661
49965	2662
49965	2663
49965	2664
49965	2665
49965	2666
49965	2667
49965	2668
49965	2669
49965	2670
49965	2671
49965	2672
49966	2673
49966	2674
49966	2675
49966	2676
49966	2677
49966	2678
49966	2679
49966	2680
49966	2681
49966	2682
49966	2683
49966	2684
49966	2685
49966	2686
49966	2687
49966	2688
49966	2689
49966	2690
49966	2691
49966	2692
49966	2693
49966	2694
49966	2695
49966	2696
49966	2697
49966	2698
49966	2699
49966	2700
49966	2701
49966	2702
49966	2703
49966	2704
49966	2705
49966	2706
49966	2707
49966	2708
49966	2709
49966	2710
49966	2711
49966	2712
49966	2713
49966	2714
49966	2715
49966	2716
49966	2717
49966	2718
49966	2719
49966	2720
49966	2721
49966	2722
49966	2723
49966	2724
49966	2725
49966	2726
49967	2727
49967	2728
49967	2729
49967	2730
49967	2731
49967	2732
49967	2733
49967	2734
49967	2735
49967	2736
49967	2737
49967	2738
49967	2739
49967	2740
49967	2741
49967	2742
49967	2743
49967	2744
49967	2745
49967	2746
49967	2747
49967	2748
49967	2749
49967	2750
49967	2751
49967	2752
49967	2753
49967	2754
49967	2755
49967	2756
49967	2757
49967	2758
49967	2759
49967	2760
49967	2761
49967	2762
49967	2763
49967	2764
49967	2765
49967	2766
49967	2767
49967	2768
49967	2769
49967	2770
49967	2771
49967	2772
49967	2773
49967	2774
49967	2775
49967	2776
49967	2777
49967	2778
49967	2779
49967	2780
49967	2781
49967	2782
49967	2783
49967	2784
49968	2785
49968	2786
49968	2787
49968	2788
49968	2789
49968	2790
49968	2791
49968	2792
49968	2793
49968	2794
49968	2795
49968	2796
49968	2797
49968	2798
49968	2799
49968	2800
49968	2801
49968	2802
49968	2803
49968	2804
49968	2805
49968	2806
49968	2807
49968	2808
49968	2809
49968	2810
49968	2811
49968	2812
49968	2813
49968	2814
49968	2815
49968	2816
49968	2817
49968	2818
49968	2819
49968	2820
49968	2821
49968	2822
49968	2823
49968	2824
49968	2825
49968	2826
49968	2827
49968	2828
49968	2829
49968	2830
49968	2831
49968	2832
49968	2833
49968	2834
49968	2835
49968	2836
49968	2837
49968	2838
49968	2839
49968	2840
49968	2841
49968	2842
49968	2843
49968	2844
49969	2845
49969	2846
49969	2847
49969	2848
49969	2849
49969	2850
49969	2851
49969	2852
49969	2853
49969	2854
49969	2855
49969	2856
49969	2857
49969	2858
49969	2859
49969	2860
49969	2861
49969	2862
49969	2863
49969	2864
49969	2865
49969	2866
49969	2867
49969	2868
49969	2869
49969	2870
49969	2871
49969	2872
49969	2873
49969	2874
49969	2875
49969	2876
49969	2877
49969	2878
49969	2879
49969	2880
49969	2881
49969	2882
49969	2883
49969	2884
49969	2885
49969	2886
49969	2887
49969	2888
49969	2889
49969	2890
49969	2891
49969	2892
49970	2893
49970	2894
49970	2895
49970	2896
49970	2897
49970	2898
49970	2899
49970	2900
49970	2901
49970	2902
49970	2903
49970	2904
49970	2905
49970	2906
49970	2907
49970	2908
49970	2909
49970	2910
49970	2911
49970	2912
49970	2913
49970	2914
49970	2915
49970	2916
49970	2917
49970	2918
49970	2919
49970	2920
49970	2921
49970	2922
49970	2923
49970	2924
49970	2925
49970	2926
49970	2927
49970	2928
49970	2929
49970	2930
49970	2931
49970	2932
49970	2933
49970	2934
49970	2935
49970	2936
49970	2937
49970	2938
49971	2939
49971	2940
49971	2941
49971	2942
49971	2943
49971	2944
49971	2945
49971	2946
49971	2947
49971	2948
49971	2949
49971	2950
49971	2951
49971	2952
49971	2953
49971	2954
49971	2955
49971	2956
49971	2957
49971	2958
49971	2959
49971	2960
49971	2961
49971	2962
49971	2963
49971	2964
49971	2965
49971	2966
49971	2967
49971	2968
49971	2969
49971	2970
49971	2971
49971	2972
49971	2973
49971	2974
49972	2975
49972	2976
49972	2977
49972	2978
49972	2979
49972	2980
49972	2981
49972	2982
49972	2983
49972	2984
49972	2985
49972	2986
49972	2987
49972	2988
49972	2989
49972	2990
49972	2991
49972	2992
49972	2993
49972	2994
49972	2995
49972	2996
49972	2997
49972	2998
49972	2999
49972	3000
49972	3001
49972	3002
49972	3003
49972	3004
49972	3005
49972	3006
49972	3007
49972	3008
49972	3009
49972	3010
49972	3011
49972	3012
49973	3013
49973	3014
49973	3015
49973	3016
49973	3017
49973	3018
49973	3019
49973	3020
49973	3021
49973	3022
49973	3023
49973	3024
49973	3025
49973	3026
49973	3027
49973	3028
49973	3029
49973	3030
49973	3031
49973	3032
49973	3033
49973	3034
49973	3035
49973	3036
49973	3037
49973	3038
49973	3039
49973	3040
49974	3041
49974	3042
49974	3043
49974	3044
49974	3045
49974	3046
49974	3047
49974	3048
49974	3049
49974	3050
49974	3051
49974	3052
49974	3053
49974	3054
49974	3055
49974	3056
49974	3057
49974	3058
49974	3059
49974	3060
49974	3061
49974	3062
49974	3063
49974	3064
49974	3065
49974	3066
49974	3067
49974	3068
49974	3069
49974	3070
49974	3071
49974	3072
49974	3073
49974	3074
49974	3075
49974	3076
49974	3077
49974	3078
49975	3079
49975	3080
49975	3081
49975	3082
49975	3083
49975	3084
49975	3085
49975	3086
49975	3087
49975	3088
49975	3089
49975	3090
49975	3091
49975	3092
49975	3093
49975	3094
49975	3095
49975	3096
49975	3097
49975	3098
49975	3099
49975	3100
49975	3101
49975	3102
49975	3103
49975	3104
49975	3105
49975	3106
49975	3107
49975	3108
49975	3109
49975	3110
49975	3111
49975	3112
49975	3113
49975	3114
49975	3115
49975	3116
49975	3117
49975	3118
49975	3119
49976	3120
49976	3121
49976	3122
49976	3123
49976	3124
49976	3125
49976	3126
49976	3127
49976	3128
49976	3129
49976	3130
49976	3131
49976	3132
49976	3133
49976	3134
49976	3135
49976	3136
49976	3137
49976	3138
49976	3139
49976	3140
49976	3141
49976	3142
49976	3143
49976	3144
49976	3145
49976	3146
49976	3147
49977	3148
49977	3149
49977	3150
49977	3151
49977	3152
49977	3153
49977	3154
49977	3155
49977	3156
49977	3157
49977	3158
49977	3159
49977	3160
49977	3161
49977	3162
49977	3163
49977	3164
49977	3165
49977	3166
49977	3167
49977	3168
49977	3169
49977	3170
49977	3171
49977	3172
49977	3173
49977	3174
49977	3175
49977	3176
49977	3177
49977	3178
49977	3179
49977	3180
49977	3181
49977	3182
49978	3183
49978	3184
49978	3185
49978	3186
49978	3187
49978	3188
49978	3189
49978	3190
49978	3191
49978	3192
49978	3193
49978	3194
49978	3195
49978	3196
49978	3197
49978	3198
49978	3199
49978	3200
49978	3201
49978	3202
49978	3203
49978	3204
49978	3205
49978	3206
49978	3207
49978	3208
49978	3209
49978	3210
49978	3211
49978	3212
49978	3213
49978	3214
49978	3215
49978	3216
49978	3217
49978	3218
49978	3219
49978	3220
49978	3221
49979	3222
49979	3223
49979	3224
49979	3225
49979	3226
49979	3227
49979	3228
49979	3229
49979	3230
49979	3231
49979	3232
49979	3233
49979	3234
49979	3235
49979	3236
49979	3237
49979	3238
49979	3239
49979	3240
49979	3241
49979	3242
49979	3243
49979	3244
49979	3245
49979	3246
49979	3247
49979	3248
49979	3249
49979	3250
49979	3251
49979	3252
49979	3253
49979	3254
49979	3255
49979	3256
49979	3257
49979	3258
49979	3259
49979	3260
49979	3261
49980	3262
49980	3263
49980	3264
49980	3265
49980	3266
49980	3267
49980	3268
49980	3269
49980	3270
49980	3271
49980	3272
49980	3273
49980	3274
49980	3275
49980	3276
49980	3277
49980	3278
49980	3279
49980	3280
49980	3281
49980	3282
49980	3283
49980	3284
49980	3285
49980	3286
49980	3287
49980	3288
49980	3289
49980	3290
49980	3291
49980	3292
49980	3293
49980	3294
49980	3295
49980	3296
49980	3297
49980	3298
49981	3299
49981	3300
49981	3301
49981	3302
49981	3303
49981	3304
49981	3305
49981	3306
49981	3307
49981	3308
49981	3309
49981	3310
49981	3311
49981	3312
49981	3313
49981	3314
49981	3315
49981	3316
49981	3317
49981	3318
49981	3319
49981	3320
49981	3321
49981	3322
49981	3323
49981	3324
49981	3325
49981	3326
49982	3327
49982	3328
49982	3329
49982	3330
49982	3331
49982	3332
49982	3333
49982	3334
49982	3335
49982	3336
49982	3337
49982	3338
49982	3339
49982	3340
49982	3341
49982	3342
49982	3343
49982	3344
49982	3345
49982	3346
49982	3347
49982	3348
49982	3349
49982	3350
49983	3351
49983	3352
49983	3353
49983	3354
49983	3355
49983	3356
49983	3357
49983	3358
49983	3359
49983	3360
49983	3361
49983	3362
49983	3363
49983	3364
49983	3365
49983	3366
49983	3367
49983	3368
49983	3369
49983	3370
49983	3371
49983	3372
49983	3373
49983	3374
49983	3375
49983	3376
49983	3377
49983	3378
49983	3379
49983	3380
49984	3381
49984	3382
49984	3383
49984	3384
49984	3385
49984	3386
49984	3387
49984	3388
49984	3389
49984	3390
49984	3391
49984	3392
49984	3393
49984	3394
49984	3395
49984	3396
49984	3397
49984	3398
49984	3399
49984	3400
49984	3401
49984	3402
49984	3403
49984	3404
49984	3405
49984	3406
49984	3407
49984	3408
49984	3409
49984	3410
49984	3411
49984	3412
49985	3413
49985	3414
49985	3415
49985	3416
49985	3417
49985	3418
49985	3419
49985	3420
49985	3421
49985	3422
49985	3423
49985	3424
49985	3425
49985	3426
49985	3427
49985	3428
49985	3429
49985	3430
49985	3431
49985	3432
49985	3433
49985	3434
49985	3435
49985	3436
49985	3437
49985	3438
49985	3439
49985	3440
49986	3441
49986	3442
49986	3443
49986	3444
49986	3445
49986	3446
49986	3447
49986	3448
49986	3449
49986	3450
49986	3451
49986	3452
49986	3453
49986	3454
49986	3455
49986	3456
49986	3457
49986	3458
49986	3459
49986	3460
49986	3461
49986	3462
49987	3463
49987	3464
49987	3465
49987	3466
49987	3467
49987	3468
49987	3469
49987	3470
49987	3471
49987	3472
49987	3473
49987	3474
49987	3475
49987	3476
49987	3477
49987	3478
49988	3479
49988	3480
49988	3481
49988	3482
49988	3483
49988	3484
49988	3485
49988	3486
49988	3487
49988	3488
49988	3489
49988	3490
49988	3491
49988	3492
49988	3493
49988	3494
49988	3495
49988	3496
49989	3497
49989	3498
49989	3499
49989	3500
49989	3501
49989	3502
49989	3503
49989	3504
49989	3505
49989	3506
49989	3507
49989	3508
49989	3509
49989	3510
49989	3511
49989	3512
49990	3513
49990	3514
49990	3515
49990	3516
49990	3517
49990	3518
49990	3519
49990	3520
49990	3521
49990	3522
49990	3523
49990	3524
49990	3525
49990	3526
49990	3527
49990	3528
49990	3529
49990	3530
49990	3531
49990	3532
49990	3533
49990	3534
49990	3535
49990	3536
49990	3537
49990	3538
49990	3539
49990	3540
49990	3541
49991	3542
49991	3543
49991	3544
49991	3545
49991	3546
49991	3547
49991	3548
49991	3549
49991	3550
49991	3551
49991	3552
49991	3553
49991	3554
49991	3555
49991	3556
49991	3557
49991	3558
49991	3559
49991	3560
49991	3561
49992	3562
49992	3563
49992	3564
49992	3565
49992	3566
49992	3567
49992	3568
49992	3569
49992	3570
49992	3571
49992	3572
49992	3573
49992	3574
49992	3575
49992	3576
49992	3577
49992	3578
49992	3579
49993	3580
49993	3581
49993	3582
49993	3583
49993	3584
49993	3585
49993	3586
49993	3587
49993	3588
49993	3589
49993	3590
49993	3591
49994	3592
49994	3593
49994	3594
49994	3595
49994	3596
49994	3597
49994	3598
49994	3599
49994	3600
49994	3601
49994	3602
49995	3603
49995	3604
49995	3605
49995	3606
49995	3607
49995	3608
49995	3609
49995	3610
49995	3611
49995	3612
49995	3613
49995	3614
49995	3615
49995	3616
49995	3617
49995	3618
49995	3619
49995	3620
49995	3621
49995	3622
49995	3623
49996	3624
49996	3625
49996	3626
49996	3627
49996	3628
49996	3629
49996	3630
49996	3631
49997	3632
49998	3633
49998	3634
49998	3635
49998	3636
49998	3637
49998	3638
49998	3639
49998	3640
49998	3641
