Year	Forefathers
0	1
45484	1
45592	2
46876	3
47017	4
47988	5
48095	6
48299	7
48590	8
48625	9
48687	10
48757	11
48781	12
48883	13
48947	14
48955	15
48977	16
49016	17
49040	18
49121	19
49131	20
49137	21
49259	22
49267	23
49284	24
49288	25
49298	26
49338	27
49403	28
49411	29
49413	30
49414	31
49415	32
49465	33
49473	34
49476	35
49483	36
49487	37
49493	38
49510	39
49517	40
49517	41
49522	42
49531	43
49542	44
49556	45
49571	46
49573	47
49607	48
49610	49
49612	50
49617	51
49623	52
49624	53
49632	54
49638	55
49646	56
49666	57
49674	58
49674	59
49678	60
49681	61
49685	62
49686	63
49693	64
49699	65
49701	66
49702	67
49712	68
49715	69
49720	70
49722	71
49728	72
49732	73
49744	74
49746	75
49757	76
49758	77
49759	78
49763	79
49770	80
49772	81
49776	82
49780	83
49783	84
49788	85
49790	86
49791	87
49799	88
49803	89
49803	90
49816	91
49816	92
49816	93
49823	94
49823	95
49825	96
49826	97
49827	98
49828	99
49831	100
49831	101
49832	102
49836	103
49837	104
49838	105
49841	106
49841	107
49844	108
49848	109
49850	110
49850	111
49850	112
49850	113
49852	114
49853	115
49854	116
49855	117
49856	118
49860	119
49860	120
49863	121
49866	122
49867	123
49868	124
49871	125
49874	126
49876	127
49882	128
49886	129
49886	130
49888	131
49888	132
49889	133
49891	134
49893	135
49893	136
49893	137
49894	138
49894	139
49895	140
49895	141
49895	142
49896	143
49898	144
49898	145
49899	146
49900	147
49900	148
49903	149
49903	150
49903	151
49904	152
49904	153
49906	154
49907	155
49908	156
49908	157
49908	158
49910	159
49910	160
49912	161
49913	162
49914	163
49915	164
49915	165
49915	166
49915	167
49915	168
49915	169
49916	170
49918	171
49918	172
49918	173
49919	174
49919	175
49919	176
49920	177
49920	178
49922	179
49922	180
49922	181
49922	182
49922	183
49922	184
49923	185
49924	186
49924	187
49924	188
49924	189
49925	190
49925	191
49925	192
49926	193
49926	194
49927	195
49927	196
49928	197
49928	198
49929	199
49929	200
49929	201
49929	202
49930	203
49930	204
49930	205
49930	206
49930	207
49931	208
49931	209
49931	210
49931	211
49931	212
49931	213
49931	214
49931	215
49931	216
49932	217
49932	218
49932	219
49932	220
49932	221
49932	222
49932	223
49933	224
49933	225
49933	226
49933	227
49933	228
49934	229
49934	230
49934	231
49934	232
49935	233
49935	234
49935	235
49935	236
49936	237
49936	238
49936	239
49936	240
49937	241
49937	242
49938	243
49938	244
49938	245
49938	246
49938	247
49939	248
49939	249
49939	250
49939	251
49939	252
49939	253
49940	254
49940	255
49940	256
49940	257
49940	258
49940	259
49940	260
49940	261
49940	262
49940	263
49941	264
49941	265
49941	266
49941	267
49941	268
49941	269
49942	270
49942	271
49942	272
49942	273
49942	274
49942	275
49942	276
49942	277
49942	278
49942	279
49942	280
49942	281
49942	282
49942	283
49942	284
49942	285
49943	286
49943	287
49943	288
49943	289
49943	290
49943	291
49943	292
49943	293
49943	294
49944	295
49944	296
49944	297
49944	298
49944	299
49944	300
49944	301
49945	302
49945	303
49945	304
49946	305
49946	306
49946	307
49946	308
49946	309
49946	310
49946	311
49946	312
49946	313
49946	314
49946	315
49946	316
49947	317
49947	318
49947	319
49948	320
49948	321
49948	322
49948	323
49948	324
49948	325
49949	326
49949	327
49949	328
49949	329
49949	330
49949	331
49949	332
49949	333
49949	334
49950	335
49950	336
49950	337
49950	338
49951	339
49951	340
49951	341
49951	342
49952	343
49952	344
49952	345
49953	346
49953	347
49953	348
49953	349
49953	350
49953	351
49953	352
49954	353
49954	354
49954	355
49954	356
49954	357
49954	358
49954	359
49954	360
49955	361
49955	362
49955	363
49955	364
49955	365
49955	366
49955	367
49956	368
49956	369
49956	370
49956	371
49956	372
49956	373
49957	374
49957	375
49957	376
49957	377
49958	378
49958	379
49958	380
49959	381
49959	382
49959	383
49959	384
49959	385
49960	386
49960	387
49960	388
49960	389
49960	390
49960	391
49960	392
49960	393
49960	394
49960	395
49960	396
49961	397
49961	398
49961	399
49961	400
49961	401
49962	402
49962	403
49962	404
49962	405
49962	406
49962	407
49962	408
49962	409
49963	410
49963	411
49963	412
49964	413
49964	414
49964	415
49964	416
49965	417
49965	418
49965	419
49965	420
49966	421
49966	422
49966	423
49967	424
49967	425
49967	426
49967	427
49968	428
49968	429
49968	430
49968	431
49968	432
49968	433
49968	434
49968	435
49969	436
49969	437
49969	438
49969	439
49970	440
49970	441
49970	442
49970	443
49971	444
49971	445
49971	446
49971	447
49971	448
49971	449
49971	450
49971	451
49972	452
49972	453
49972	454
49972	455
49972	456
49972	457
49972	458
49972	459
49973	460
49973	461
49973	462
49973	463
49973	464
49973	465
49973	466
49974	467
49974	468
49974	469
49974	470
49974	471
49974	472
49974	473
49974	474
49974	475
49974	476
49975	477
49975	478
49975	479
49975	480
49975	481
49976	482
49976	483
49976	484
49976	485
49976	486
49977	487
49977	488
49977	489
49977	490
49977	491
49977	492
49978	493
49978	494
49978	495
49978	496
49978	497
49978	498
49978	499
49979	500
49979	501
49979	502
49980	503
49980	504
49981	505
49981	506
49982	507
49982	508
49982	509
49983	510
49983	511
49983	512
49984	513
49984	514
49984	515
49984	516
49984	517
49984	518
49984	519
49985	520
49985	521
49985	522
49985	523
49985	524
49985	525
49986	526
49986	527
49986	528
49986	529
49986	530
49987	531
49987	532
49988	533
49988	534
49988	535
49988	536
49988	537
49989	538
49989	539
49989	540
49989	541
49990	542
49990	543
49990	544
49990	545
49991	546
49991	547
49991	548
49992	549
49993	550
49993	551
49995	552
49995	553
49995	554
49995	555
49996	556
49997	557
49997	558
49997	559
49997	560
