Year	Foremothers
0	3
27765	3
29173	4
29617	5
32881	6
32983	7
35413	8
37362	9
37740	10
39762	11
40354	12
40565	13
41367	14
41487	15
41776	16
41833	17
42540	18
42831	19
43427	20
44036	21
44083	22
44175	23
44252	24
44269	25
44752	26
45025	27
45081	28
45157	29
45346	30
45388	31
45526	32
45782	33
45887	34
45976	35
46115	36
46223	37
46441	38
46548	39
46637	40
46653	41
46884	42
46928	43
46999	44
47000	45
47104	46
47134	47
47146	48
47152	49
47155	50
47205	51
47277	52
47356	53
47482	54
47490	55
47600	56
47612	57
47669	58
47677	59
47760	60
47773	61
47773	62
47824	63
47868	64
47906	65
47953	66
47954	67
47961	68
47998	69
48047	70
48091	71
48095	72
48188	73
48195	74
48201	75
48218	76
48221	77
48229	78
48257	79
48287	80
48310	81
48352	82
48358	83
48410	84
48422	85
48433	86
48443	87
48456	88
48497	89
48552	90
48583	91
48596	92
48608	93
48609	94
48612	95
48619	96
48626	97
48645	98
48665	99
48665	100
48687	101
48704	102
48717	103
48725	104
48746	105
48765	106
48774	107
48777	108
48784	109
48791	110
48804	111
48852	112
48852	113
48853	114
48885	115
48896	116
48899	117
48902	118
48908	119
48947	120
48958	121
48958	122
48959	123
48971	124
48987	125
49002	126
49008	127
49011	128
49015	129
49037	130
49050	131
49051	132
49055	133
49059	134
49060	135
49069	136
49070	137
49075	138
49075	139
49085	140
49086	141
49087	142
49087	143
49101	144
49110	145
49131	146
49140	147
49141	148
49146	149
49148	150
49149	151
49150	152
49170	153
49175	154
49187	155
49190	156
49195	157
49201	158
49201	159
49205	160
49212	161
49214	162
49223	163
49226	164
49228	165
49231	166
49242	167
49245	168
49246	169
49247	170
49248	171
49249	172
49251	173
49257	174
49257	175
49258	176
49258	177
49264	178
49267	179
49276	180
49282	181
49285	182
49286	183
49289	184
49292	185
49304	186
49305	187
49320	188
49320	189
49335	190
49341	191
49343	192
49344	193
49348	194
49351	195
49351	196
49353	197
49357	198
49360	199
49363	200
49365	201
49368	202
49369	203
49369	204
49373	205
49374	206
49374	207
49383	208
49385	209
49385	210
49387	211
49387	212
49388	213
49392	214
49396	215
49400	216
49410	217
49413	218
49424	219
49429	220
49432	221
49433	222
49435	223
49436	224
49436	225
49438	226
49440	227
49443	228
49443	229
49443	230
49447	231
49450	232
49450	233
49450	234
49454	235
49457	236
49457	237
49457	238
49460	239
49462	240
49463	241
49466	242
49467	243
49471	244
49475	245
49475	246
49477	247
49479	248
49485	249
49486	250
49491	251
49494	252
49497	253
49497	254
49501	255
49508	256
49510	257
49511	258
49512	259
49518	260
49520	261
49521	262
49522	263
49522	264
49523	265
49523	266
49524	267
49525	268
49526	269
49526	270
49527	271
49529	272
49529	273
49531	274
49532	275
49534	276
49536	277
49537	278
49537	279
49538	280
49540	281
49542	282
49544	283
49546	284
49547	285
49547	286
49547	287
49547	288
49548	289
49552	290
49553	291
49558	292
49559	293
49559	294
49560	295
49560	296
49563	297
49563	298
49565	299
49566	300
49568	301
49570	302
49571	303
49571	304
49571	305
49573	306
49577	307
49583	308
49586	309
49587	310
49590	311
49592	312
49594	313
49595	314
49598	315
49600	316
49601	317
49601	318
49602	319
49604	320
49605	321
49606	322
49610	323
49611	324
49612	325
49613	326
49615	327
49615	328
49616	329
49619	330
49620	331
49621	332
49622	333
49622	334
49623	335
49624	336
49625	337
49625	338
49626	339
49627	340
49629	341
49631	342
49632	343
49636	344
49637	345
49638	346
49638	347
49638	348
49641	349
49645	350
49645	351
49645	352
49646	353
49646	354
49647	355
49647	356
49650	357
49651	358
49653	359
49654	360
49657	361
49657	362
49657	363
49658	364
49659	365
49661	366
49661	367
49662	368
49665	369
49665	370
49665	371
49666	372
49666	373
49668	374
49669	375
49670	376
49670	377
49671	378
49675	379
49676	380
49677	381
49678	382
49678	383
49679	384
49679	385
49679	386
49680	387
49680	388
49680	389
49681	390
49681	391
49683	392
49683	393
49683	394
49684	395
49684	396
49684	397
49685	398
49685	399
49685	400
49687	401
49687	402
49689	403
49691	404
49692	405
49692	406
49692	407
49693	408
49693	409
49694	410
49694	411
49695	412
49697	413
49697	414
49698	415
49698	416
49698	417
49700	418
49703	419
49703	420
49704	421
49704	422
49704	423
49705	424
49707	425
49709	426
49709	427
49709	428
49711	429
49711	430
49711	431
49712	432
49712	433
49713	434
49713	435
49714	436
49714	437
49715	438
49715	439
49716	440
49716	441
49717	442
49717	443
49717	444
49718	445
49719	446
49719	447
49719	448
49720	449
49720	450
49721	451
49723	452
49723	453
49724	454
49724	455
49725	456
49725	457
49726	458
49726	459
49727	460
49729	461
49729	462
49730	463
49730	464
49730	465
49731	466
49732	467
49732	468
49732	469
49733	470
49734	471
49734	472
49735	473
49735	474
49735	475
49735	476
49736	477
49737	478
49737	479
49737	480
49738	481
49739	482
49739	483
49739	484
49739	485
49740	486
49741	487
49741	488
49741	489
49742	490
49742	491
49744	492
49745	493
49745	494
49745	495
49746	496
49746	497
49747	498
49748	499
49748	500
49749	501
49750	502
49750	503
49752	504
49753	505
49754	506
49754	507
49755	508
49755	509
49755	510
49756	511
49757	512
49757	513
49758	514
49758	515
49758	516
49759	517
49759	518
49759	519
49760	520
49760	521
49761	522
49761	523
49761	524
49762	525
49763	526
49764	527
49764	528
49764	529
49764	530
49764	531
49765	532
49765	533
49766	534
49767	535
49767	536
49767	537
49768	538
49769	539
49769	540
49769	541
49769	542
49770	543
49770	544
49770	545
49770	546
49770	547
49772	548
49772	549
49772	550
49772	551
49772	552
49773	553
49773	554
49774	555
49774	556
49774	557
49774	558
49774	559
49775	560
49775	561
49776	562
49776	563
49777	564
49778	565
49778	566
49778	567
49779	568
49779	569
49779	570
49779	571
49779	572
49780	573
49780	574
49781	575
49781	576
49782	577
49782	578
49782	579
49782	580
49784	581
49785	582
49785	583
49785	584
49786	585
49786	586
49786	587
49786	588
49787	589
49787	590
49787	591
49788	592
49788	593
49788	594
49789	595
49790	596
49790	597
49790	598
49790	599
49791	600
49791	601
49791	602
49791	603
49792	604
49792	605
49792	606
49792	607
49792	608
49793	609
49793	610
49793	611
49793	612
49793	613
49794	614
49794	615
49794	616
49795	617
49795	618
49796	619
49796	620
49797	621
49797	622
49798	623
49799	624
49799	625
49800	626
49800	627
49800	628
49801	629
49801	630
49801	631
49801	632
49802	633
49802	634
49802	635
49802	636
49803	637
49804	638
49804	639
49804	640
49804	641
49805	642
49805	643
49805	644
49805	645
49806	646
49807	647
49808	648
49808	649
49809	650
49809	651
49809	652
49809	653
49809	654
49809	655
49810	656
49810	657
49810	658
49810	659
49812	660
49812	661
49813	662
49813	663
49813	664
49814	665
49814	666
49814	667
49815	668
49815	669
49816	670
49817	671
49817	672
49817	673
49817	674
49817	675
49817	676
49818	677
49818	678
49819	679
49819	680
49820	681
49820	682
49820	683
49820	684
49821	685
49821	686
49821	687
49821	688
49821	689
49821	690
49822	691
49822	692
49822	693
49822	694
49822	695
49823	696
49823	697
49823	698
49824	699
49824	700
49825	701
49825	702
49825	703
49826	704
49826	705
49826	706
49827	707
49827	708
49827	709
49828	710
49828	711
49828	712
49828	713
49828	714
49828	715
49828	716
49828	717
49829	718
49829	719
49830	720
49830	721
49830	722
49832	723
49832	724
49833	725
49833	726
49833	727
49834	728
49834	729
49834	730
49834	731
49834	732
49834	733
49834	734
49834	735
49835	736
49835	737
49835	738
49836	739
49836	740
49836	741
49837	742
49837	743
49837	744
49837	745
49837	746
49837	747
49837	748
49838	749
49838	750
49838	751
49838	752
49838	753
49839	754
49839	755
49840	756
49840	757
49841	758
49842	759
49842	760
49842	761
49843	762
49843	763
49843	764
49843	765
49843	766
49844	767
49844	768
49844	769
49844	770
49845	771
49846	772
49846	773
49846	774
49847	775
49847	776
49847	777
49847	778
49847	779
49847	780
49847	781
49848	782
49848	783
49848	784
49848	785
49848	786
49848	787
49848	788
49849	789
49849	790
49849	791
49849	792
49849	793
49849	794
49850	795
49850	796
49850	797
49850	798
49850	799
49850	800
49850	801
49851	802
49851	803
49851	804
49852	805
49852	806
49852	807
49853	808
49853	809
49854	810
49854	811
49854	812
49854	813
49855	814
49855	815
49855	816
49855	817
49855	818
49856	819
49856	820
49856	821
49857	822
49857	823
49858	824
49858	825
49859	826
49859	827
49859	828
49859	829
49859	830
49859	831
49860	832
49860	833
49860	834
49860	835
49860	836
49860	837
49860	838
49860	839
49860	840
49861	841
49861	842
49861	843
49861	844
49861	845
49861	846
49862	847
49862	848
49862	849
49862	850
49863	851
49863	852
49863	853
49863	854
49863	855
49863	856
49863	857
49864	858
49864	859
49864	860
49864	861
49864	862
49864	863
49865	864
49865	865
49865	866
49865	867
49865	868
49865	869
49865	870
49866	871
49866	872
49866	873
49866	874
49866	875
49866	876
49866	877
49867	878
49867	879
49867	880
49867	881
49867	882
49867	883
49868	884
49868	885
49868	886
49868	887
49868	888
49868	889
49868	890
49868	891
49868	892
49869	893
49869	894
49869	895
49869	896
49869	897
49870	898
49870	899
49870	900
49870	901
49870	902
49871	903
49871	904
49871	905
49871	906
49872	907
49872	908
49872	909
49872	910
49872	911
49873	912
49873	913
49873	914
49873	915
49873	916
49873	917
49873	918
49873	919
49873	920
49873	921
49873	922
49874	923
49874	924
49874	925
49874	926
49874	927
49874	928
49875	929
49875	930
49875	931
49875	932
49875	933
49875	934
49875	935
49875	936
49875	937
49875	938
49875	939
49876	940
49876	941
49876	942
49876	943
49876	944
49876	945
49877	946
49877	947
49877	948
49877	949
49877	950
49877	951
49877	952
49877	953
49878	954
49878	955
49878	956
49878	957
49878	958
49878	959
49878	960
49878	961
49878	962
49878	963
49879	964
49879	965
49879	966
49880	967
49880	968
49881	969
49881	970
49881	971
49881	972
49881	973
49881	974
49882	975
49882	976
49882	977
49882	978
49882	979
49883	980
49883	981
49883	982
49883	983
49884	984
49884	985
49884	986
49884	987
49884	988
49884	989
49884	990
49884	991
49884	992
49884	993
49885	994
49885	995
49885	996
49885	997
49885	998
49885	999
49886	1000
49886	1001
49886	1002
49886	1003
49886	1004
49886	1005
49886	1006
49886	1007
49886	1008
49886	1009
49887	1010
49887	1011
49887	1012
49887	1013
49887	1014
49887	1015
49888	1016
49888	1017
49888	1018
49888	1019
49888	1020
49889	1021
49889	1022
49889	1023
49889	1024
49889	1025
49889	1026
49889	1027
49889	1028
49889	1029
49889	1030
49889	1031
49890	1032
49890	1033
49890	1034
49890	1035
49891	1036
49891	1037
49891	1038
49891	1039
49891	1040
49891	1041
49891	1042
49891	1043
49891	1044
49891	1045
49891	1046
49891	1047
49892	1048
49892	1049
49892	1050
49892	1051
49892	1052
49892	1053
49892	1054
49893	1055
49893	1056
49893	1057
49893	1058
49893	1059
49894	1060
49894	1061
49894	1062
49894	1063
49894	1064
49894	1065
49894	1066
49894	1067
49895	1068
49895	1069
49895	1070
49895	1071
49895	1072
49895	1073
49895	1074
49895	1075
49895	1076
49895	1077
49895	1078
49896	1079
49896	1080
49896	1081
49896	1082
49896	1083
49896	1084
49896	1085
49896	1086
49896	1087
49896	1088
49897	1089
49897	1090
49897	1091
49897	1092
49897	1093
49897	1094
49897	1095
49897	1096
49897	1097
49897	1098
49897	1099
49897	1100
49898	1101
49898	1102
49898	1103
49898	1104
49898	1105
49898	1106
49898	1107
49898	1108
49898	1109
49899	1110
49899	1111
49899	1112
49899	1113
49899	1114
49899	1115
49900	1116
49900	1117
49900	1118
49901	1119
49901	1120
49901	1121
49901	1122
49901	1123
49901	1124
49901	1125
49901	1126
49902	1127
49902	1128
49902	1129
49902	1130
49902	1131
49902	1132
49902	1133
49902	1134
49902	1135
49902	1136
49902	1137
49902	1138
49903	1139
49903	1140
49903	1141
49903	1142
49903	1143
49903	1144
49903	1145
49903	1146
49903	1147
49903	1148
49904	1149
49904	1150
49904	1151
49904	1152
49904	1153
49904	1154
49904	1155
49904	1156
49904	1157
49904	1158
49905	1159
49905	1160
49905	1161
49905	1162
49905	1163
49905	1164
49905	1165
49905	1166
49905	1167
49905	1168
49906	1169
49906	1170
49906	1171
49906	1172
49906	1173
49906	1174
49906	1175
49906	1176
49906	1177
49906	1178
49906	1179
49907	1180
49907	1181
49907	1182
49907	1183
49907	1184
49907	1185
49907	1186
49908	1187
49908	1188
49908	1189
49908	1190
49908	1191
49908	1192
49908	1193
49908	1194
49908	1195
49908	1196
49908	1197
49908	1198
49909	1199
49909	1200
49909	1201
49909	1202
49909	1203
49909	1204
49909	1205
49909	1206
49909	1207
49909	1208
49909	1209
49910	1210
49910	1211
49910	1212
49910	1213
49910	1214
49910	1215
49910	1216
49910	1217
49910	1218
49910	1219
49910	1220
49911	1221
49911	1222
49911	1223
49911	1224
49911	1225
49911	1226
49911	1227
49911	1228
49911	1229
49911	1230
49911	1231
49912	1232
49912	1233
49912	1234
49912	1235
49912	1236
49912	1237
49912	1238
49912	1239
49912	1240
49912	1241
49912	1242
49913	1243
49913	1244
49913	1245
49913	1246
49913	1247
49913	1248
49913	1249
49913	1250
49913	1251
49913	1252
49913	1253
49914	1254
49914	1255
49914	1256
49914	1257
49914	1258
49914	1259
49914	1260
49914	1261
49914	1262
49914	1263
49915	1264
49915	1265
49915	1266
49915	1267
49915	1268
49915	1269
49915	1270
49915	1271
49915	1272
49915	1273
49915	1274
49915	1275
49916	1276
49916	1277
49916	1278
49916	1279
49916	1280
49916	1281
49916	1282
49916	1283
49917	1284
49917	1285
49917	1286
49917	1287
49917	1288
49917	1289
49917	1290
49917	1291
49917	1292
49917	1293
49917	1294
49917	1295
49917	1296
49917	1297
49918	1298
49918	1299
49918	1300
49918	1301
49918	1302
49918	1303
49918	1304
49918	1305
49918	1306
49918	1307
49918	1308
49918	1309
49918	1310
49919	1311
49919	1312
49919	1313
49919	1314
49919	1315
49919	1316
49919	1317
49919	1318
49919	1319
49919	1320
49919	1321
49919	1322
49919	1323
49919	1324
49920	1325
49920	1326
49920	1327
49920	1328
49920	1329
49920	1330
49920	1331
49920	1332
49920	1333
49920	1334
49920	1335
49920	1336
49920	1337
49920	1338
49920	1339
49920	1340
49920	1341
49921	1342
49921	1343
49921	1344
49921	1345
49921	1346
49921	1347
49921	1348
49921	1349
49921	1350
49921	1351
49921	1352
49921	1353
49921	1354
49922	1355
49922	1356
49922	1357
49922	1358
49922	1359
49922	1360
49922	1361
49922	1362
49922	1363
49922	1364
49922	1365
49922	1366
49922	1367
49922	1368
49922	1369
49922	1370
49922	1371
49922	1372
49922	1373
49922	1374
49922	1375
49922	1376
49922	1377
49923	1378
49923	1379
49923	1380
49923	1381
49923	1382
49923	1383
49923	1384
49923	1385
49923	1386
49923	1387
49923	1388
49923	1389
49923	1390
49923	1391
49923	1392
49923	1393
49924	1394
49924	1395
49924	1396
49924	1397
49924	1398
49924	1399
49924	1400
49924	1401
49924	1402
49924	1403
49924	1404
49924	1405
49924	1406
49924	1407
49924	1408
49924	1409
49924	1410
49924	1411
49924	1412
49924	1413
49924	1414
49925	1415
49925	1416
49925	1417
49925	1418
49925	1419
49925	1420
49925	1421
49925	1422
49925	1423
49925	1424
49925	1425
49925	1426
49925	1427
49925	1428
49925	1429
49925	1430
49925	1431
49925	1432
49925	1433
49926	1434
49926	1435
49926	1436
49926	1437
49926	1438
49926	1439
49926	1440
49926	1441
49926	1442
49926	1443
49926	1444
49926	1445
49926	1446
49926	1447
49926	1448
49926	1449
49926	1450
49926	1451
49926	1452
49926	1453
49926	1454
49926	1455
49926	1456
49926	1457
49926	1458
49927	1459
49927	1460
49927	1461
49927	1462
49927	1463
49927	1464
49927	1465
49927	1466
49927	1467
49927	1468
49927	1469
49927	1470
49927	1471
49927	1472
49927	1473
49927	1474
49927	1475
49927	1476
49927	1477
49927	1478
49927	1479
49927	1480
49927	1481
49927	1482
49927	1483
49927	1484
49927	1485
49928	1486
49928	1487
49928	1488
49928	1489
49928	1490
49928	1491
49928	1492
49928	1493
49928	1494
49928	1495
49928	1496
49928	1497
49928	1498
49928	1499
49928	1500
49929	1501
49929	1502
49929	1503
49929	1504
49929	1505
49929	1506
49929	1507
49929	1508
49929	1509
49929	1510
49929	1511
49929	1512
49929	1513
49929	1514
49929	1515
49929	1516
49929	1517
49929	1518
49929	1519
49929	1520
49929	1521
49929	1522
49929	1523
49929	1524
49929	1525
49930	1526
49930	1527
49930	1528
49930	1529
49930	1530
49930	1531
49930	1532
49930	1533
49930	1534
49930	1535
49930	1536
49930	1537
49930	1538
49930	1539
49930	1540
49930	1541
49930	1542
49930	1543
49930	1544
49930	1545
49930	1546
49930	1547
49930	1548
49930	1549
49930	1550
49930	1551
49930	1552
49930	1553
49930	1554
49930	1555
49930	1556
49930	1557
49931	1558
49931	1559
49931	1560
49931	1561
49931	1562
49931	1563
49931	1564
49931	1565
49931	1566
49931	1567
49931	1568
49931	1569
49931	1570
49931	1571
49931	1572
49931	1573
49931	1574
49931	1575
49931	1576
49931	1577
49931	1578
49932	1579
49932	1580
49932	1581
49932	1582
49932	1583
49932	1584
49932	1585
49932	1586
49932	1587
49932	1588
49932	1589
49932	1590
49932	1591
49932	1592
49932	1593
49932	1594
49932	1595
49932	1596
49932	1597
49932	1598
49932	1599
49932	1600
49932	1601
49932	1602
49932	1603
49932	1604
49932	1605
49932	1606
49932	1607
49932	1608
49933	1609
49933	1610
49933	1611
49933	1612
49933	1613
49933	1614
49933	1615
49933	1616
49933	1617
49933	1618
49933	1619
49933	1620
49933	1621
49933	1622
49933	1623
49933	1624
49933	1625
49933	1626
49933	1627
49933	1628
49933	1629
49933	1630
49933	1631
49933	1632
49933	1633
49933	1634
49933	1635
49933	1636
49934	1637
49934	1638
49934	1639
49934	1640
49934	1641
49934	1642
49934	1643
49934	1644
49934	1645
49934	1646
49934	1647
49934	1648
49934	1649
49934	1650
49934	1651
49934	1652
49934	1653
49934	1654
49934	1655
49934	1656
49934	1657
49934	1658
49934	1659
49934	1660
49934	1661
49935	1662
49935	1663
49935	1664
49935	1665
49935	1666
49935	1667
49935	1668
49935	1669
49935	1670
49935	1671
49935	1672
49935	1673
49935	1674
49935	1675
49935	1676
49935	1677
49935	1678
49935	1679
49935	1680
49935	1681
49935	1682
49935	1683
49935	1684
49935	1685
49935	1686
49935	1687
49936	1688
49936	1689
49936	1690
49936	1691
49936	1692
49936	1693
49936	1694
49936	1695
49936	1696
49936	1697
49936	1698
49936	1699
49936	1700
49936	1701
49936	1702
49936	1703
49936	1704
49936	1705
49936	1706
49936	1707
49936	1708
49936	1709
49936	1710
49936	1711
49936	1712
49936	1713
49937	1714
49937	1715
49937	1716
49937	1717
49937	1718
49937	1719
49937	1720
49937	1721
49937	1722
49937	1723
49937	1724
49937	1725
49937	1726
49937	1727
49937	1728
49937	1729
49937	1730
49937	1731
49937	1732
49937	1733
49937	1734
49937	1735
49937	1736
49937	1737
49937	1738
49937	1739
49937	1740
49937	1741
49937	1742
49937	1743
49937	1744
49937	1745
49937	1746
49937	1747
49937	1748
49937	1749
49938	1750
49938	1751
49938	1752
49938	1753
49938	1754
49938	1755
49938	1756
49938	1757
49938	1758
49938	1759
49938	1760
49938	1761
49938	1762
49938	1763
49938	1764
49938	1765
49938	1766
49938	1767
49938	1768
49938	1769
49938	1770
49938	1771
49938	1772
49938	1773
49938	1774
49938	1775
49938	1776
49938	1777
49938	1778
49938	1779
49938	1780
49938	1781
49938	1782
49938	1783
49938	1784
49938	1785
49938	1786
49938	1787
49938	1788
49938	1789
49938	1790
49938	1791
49938	1792
49938	1793
49938	1794
49938	1795
49938	1796
49938	1797
49939	1798
49939	1799
49939	1800
49939	1801
49939	1802
49939	1803
49939	1804
49939	1805
49939	1806
49939	1807
49939	1808
49939	1809
49939	1810
49939	1811
49939	1812
49939	1813
49939	1814
49939	1815
49939	1816
49939	1817
49939	1818
49939	1819
49939	1820
49939	1821
49939	1822
49939	1823
49939	1824
49939	1825
49939	1826
49939	1827
49939	1828
49939	1829
49939	1830
49939	1831
49939	1832
49939	1833
49939	1834
49939	1835
49939	1836
49939	1837
49939	1838
49939	1839
49939	1840
49939	1841
49939	1842
49940	1843
49940	1844
49940	1845
49940	1846
49940	1847
49940	1848
49940	1849
49940	1850
49940	1851
49940	1852
49940	1853
49940	1854
49940	1855
49940	1856
49940	1857
49940	1858
49940	1859
49940	1860
49940	1861
49940	1862
49940	1863
49940	1864
49940	1865
49940	1866
49940	1867
49940	1868
49940	1869
49940	1870
49940	1871
49940	1872
49940	1873
49940	1874
49940	1875
49940	1876
49940	1877
49940	1878
49940	1879
49940	1880
49940	1881
49940	1882
49940	1883
49940	1884
49941	1885
49941	1886
49941	1887
49941	1888
49941	1889
49941	1890
49941	1891
49941	1892
49941	1893
49941	1894
49941	1895
49941	1896
49941	1897
49941	1898
49941	1899
49941	1900
49941	1901
49941	1902
49941	1903
49941	1904
49941	1905
49941	1906
49941	1907
49941	1908
49941	1909
49941	1910
49941	1911
49941	1912
49941	1913
49941	1914
49941	1915
49941	1916
49941	1917
49941	1918
49941	1919
49941	1920
49941	1921
49941	1922
49941	1923
49941	1924
49941	1925
49941	1926
49941	1927
49941	1928
49941	1929
49941	1930
49941	1931
49941	1932
49941	1933
49941	1934
49941	1935
49941	1936
49941	1937
49942	1938
49942	1939
49942	1940
49942	1941
49942	1942
49942	1943
49942	1944
49942	1945
49942	1946
49942	1947
49942	1948
49942	1949
49942	1950
49942	1951
49942	1952
49942	1953
49942	1954
49942	1955
49942	1956
49942	1957
49942	1958
49942	1959
49942	1960
49942	1961
49942	1962
49942	1963
49942	1964
49942	1965
49942	1966
49942	1967
49942	1968
49942	1969
49942	1970
49942	1971
49942	1972
49942	1973
49942	1974
49942	1975
49942	1976
49942	1977
49942	1978
49942	1979
49942	1980
49942	1981
49942	1982
49942	1983
49942	1984
49942	1985
49942	1986
49942	1987
49942	1988
49942	1989
49942	1990
49942	1991
49942	1992
49942	1993
49942	1994
49942	1995
49942	1996
49942	1997
49943	1998
49943	1999
49943	2000
49943	2001
49943	2002
49943	2003
49943	2004
49943	2005
49943	2006
49943	2007
49943	2008
49943	2009
49943	2010
49943	2011
49943	2012
49943	2013
49943	2014
49943	2015
49943	2016
49943	2017
49943	2018
49943	2019
49943	2020
49943	2021
49943	2022
49943	2023
49943	2024
49943	2025
49943	2026
49943	2027
49943	2028
49943	2029
49943	2030
49943	2031
49943	2032
49943	2033
49943	2034
49943	2035
49943	2036
49943	2037
49943	2038
49943	2039
49943	2040
49943	2041
49943	2042
49943	2043
49943	2044
49943	2045
49943	2046
49943	2047
49943	2048
49943	2049
49943	2050
49943	2051
49943	2052
49943	2053
49943	2054
49943	2055
49943	2056
49943	2057
49943	2058
49943	2059
49943	2060
49943	2061
49944	2062
49944	2063
49944	2064
49944	2065
49944	2066
49944	2067
49944	2068
49944	2069
49944	2070
49944	2071
49944	2072
49944	2073
49944	2074
49944	2075
49944	2076
49944	2077
49944	2078
49944	2079
49944	2080
49944	2081
49944	2082
49944	2083
49944	2084
49944	2085
49944	2086
49944	2087
49944	2088
49944	2089
49944	2090
49944	2091
49944	2092
49944	2093
49944	2094
49944	2095
49944	2096
49944	2097
49944	2098
49944	2099
49944	2100
49944	2101
49944	2102
49944	2103
49944	2104
49944	2105
49944	2106
49944	2107
49944	2108
49944	2109
49944	2110
49944	2111
49944	2112
49944	2113
49944	2114
49944	2115
49945	2116
49945	2117
49945	2118
49945	2119
49945	2120
49945	2121
49945	2122
49945	2123
49945	2124
49945	2125
49945	2126
49945	2127
49945	2128
49945	2129
49945	2130
49945	2131
49945	2132
49945	2133
49945	2134
49945	2135
49945	2136
49945	2137
49945	2138
49945	2139
49945	2140
49945	2141
49945	2142
49945	2143
49945	2144
49945	2145
49945	2146
49945	2147
49945	2148
49945	2149
49945	2150
49945	2151
49945	2152
49945	2153
49945	2154
49945	2155
49945	2156
49945	2157
49945	2158
49945	2159
49945	2160
49945	2161
49945	2162
49945	2163
49945	2164
49945	2165
49946	2166
49946	2167
49946	2168
49946	2169
49946	2170
49946	2171
49946	2172
49946	2173
49946	2174
49946	2175
49946	2176
49946	2177
49946	2178
49946	2179
49946	2180
49946	2181
49946	2182
49946	2183
49946	2184
49946	2185
49946	2186
49946	2187
49946	2188
49946	2189
49946	2190
49946	2191
49946	2192
49946	2193
49946	2194
49946	2195
49946	2196
49946	2197
49946	2198
49946	2199
49946	2200
49946	2201
49946	2202
49946	2203
49946	2204
49946	2205
49946	2206
49946	2207
49946	2208
49946	2209
49946	2210
49946	2211
49946	2212
49946	2213
49946	2214
49946	2215
49946	2216
49946	2217
49947	2218
49947	2219
49947	2220
49947	2221
49947	2222
49947	2223
49947	2224
49947	2225
49947	2226
49947	2227
49947	2228
49947	2229
49947	2230
49947	2231
49947	2232
49947	2233
49947	2234
49947	2235
49947	2236
49947	2237
49947	2238
49947	2239
49947	2240
49947	2241
49947	2242
49947	2243
49947	2244
49947	2245
49947	2246
49947	2247
49947	2248
49947	2249
49947	2250
49947	2251
49947	2252
49947	2253
49947	2254
49947	2255
49947	2256
49947	2257
49947	2258
49947	2259
49947	2260
49947	2261
49947	2262
49947	2263
49947	2264
49947	2265
49947	2266
49947	2267
49947	2268
49947	2269
49947	2270
49947	2271
49947	2272
49947	2273
49947	2274
49947	2275
49947	2276
49947	2277
49947	2278
49947	2279
49948	2280
49948	2281
49948	2282
49948	2283
49948	2284
49948	2285
49948	2286
49948	2287
49948	2288
49948	2289
49948	2290
49948	2291
49948	2292
49948	2293
49948	2294
49948	2295
49948	2296
49948	2297
49948	2298
49948	2299
49948	2300
49948	2301
49948	2302
49948	2303
49948	2304
49948	2305
49948	2306
49948	2307
49948	2308
49948	2309
49948	2310
49948	2311
49948	2312
49948	2313
49948	2314
49948	2315
49948	2316
49948	2317
49948	2318
49948	2319
49948	2320
49948	2321
49948	2322
49948	2323
49948	2324
49948	2325
49948	2326
49948	2327
49948	2328
49948	2329
49948	2330
49948	2331
49948	2332
49948	2333
49948	2334
49948	2335
49948	2336
49948	2337
49948	2338
49948	2339
49948	2340
49948	2341
49948	2342
49948	2343
49948	2344
49948	2345
49948	2346
49948	2347
49948	2348
49949	2349
49949	2350
49949	2351
49949	2352
49949	2353
49949	2354
49949	2355
49949	2356
49949	2357
49949	2358
49949	2359
49949	2360
49949	2361
49949	2362
49949	2363
49949	2364
49949	2365
49949	2366
49949	2367
49949	2368
49949	2369
49949	2370
49949	2371
49949	2372
49949	2373
49949	2374
49949	2375
49949	2376
49949	2377
49949	2378
49949	2379
49949	2380
49949	2381
49949	2382
49949	2383
49949	2384
49949	2385
49949	2386
49949	2387
49949	2388
49949	2389
49949	2390
49949	2391
49949	2392
49949	2393
49949	2394
49949	2395
49949	2396
49949	2397
49949	2398
49949	2399
49949	2400
49949	2401
49949	2402
49949	2403
49949	2404
49949	2405
49949	2406
49949	2407
49949	2408
49949	2409
49949	2410
49949	2411
49949	2412
49949	2413
49949	2414
49949	2415
49949	2416
49949	2417
49949	2418
49949	2419
49949	2420
49950	2421
49950	2422
49950	2423
49950	2424
49950	2425
49950	2426
49950	2427
49950	2428
49950	2429
49950	2430
49950	2431
49950	2432
49950	2433
49950	2434
49950	2435
49950	2436
49950	2437
49950	2438
49950	2439
49950	2440
49950	2441
49950	2442
49950	2443
49950	2444
49950	2445
49950	2446
49950	2447
49950	2448
49950	2449
49950	2450
49950	2451
49950	2452
49950	2453
49950	2454
49950	2455
49950	2456
49950	2457
49950	2458
49950	2459
49950	2460
49950	2461
49950	2462
49950	2463
49950	2464
49950	2465
49950	2466
49950	2467
49950	2468
49951	2469
49951	2470
49951	2471
49951	2472
49951	2473
49951	2474
49951	2475
49951	2476
49951	2477
49951	2478
49951	2479
49951	2480
49951	2481
49951	2482
49951	2483
49951	2484
49951	2485
49951	2486
49951	2487
49951	2488
49951	2489
49951	2490
49951	2491
49951	2492
49951	2493
49951	2494
49951	2495
49951	2496
49951	2497
49951	2498
49951	2499
49951	2500
49951	2501
49951	2502
49951	2503
49951	2504
49951	2505
49951	2506
49951	2507
49951	2508
49951	2509
49951	2510
49951	2511
49951	2512
49951	2513
49951	2514
49951	2515
49951	2516
49951	2517
49951	2518
49951	2519
49951	2520
49951	2521
49951	2522
49951	2523
49951	2524
49951	2525
49951	2526
49951	2527
49951	2528
49951	2529
49951	2530
49951	2531
49951	2532
49951	2533
49951	2534
49951	2535
49951	2536
49951	2537
49951	2538
49951	2539
49951	2540
49951	2541
49951	2542
49951	2543
49951	2544
49951	2545
49951	2546
49951	2547
49951	2548
49951	2549
49952	2550
49952	2551
49952	2552
49952	2553
49952	2554
49952	2555
49952	2556
49952	2557
49952	2558
49952	2559
49952	2560
49952	2561
49952	2562
49952	2563
49952	2564
49952	2565
49952	2566
49952	2567
49952	2568
49952	2569
49952	2570
49952	2571
49952	2572
49952	2573
49952	2574
49952	2575
49952	2576
49952	2577
49952	2578
49952	2579
49952	2580
49952	2581
49952	2582
49952	2583
49952	2584
49952	2585
49952	2586
49952	2587
49952	2588
49952	2589
49952	2590
49952	2591
49952	2592
49952	2593
49952	2594
49952	2595
49952	2596
49952	2597
49952	2598
49952	2599
49952	2600
49952	2601
49952	2602
49952	2603
49952	2604
49952	2605
49952	2606
49952	2607
49952	2608
49952	2609
49952	2610
49952	2611
49952	2612
49952	2613
49952	2614
49952	2615
49952	2616
49952	2617
49953	2618
49953	2619
49953	2620
49953	2621
49953	2622
49953	2623
49953	2624
49953	2625
49953	2626
49953	2627
49953	2628
49953	2629
49953	2630
49953	2631
49953	2632
49953	2633
49953	2634
49953	2635
49953	2636
49953	2637
49953	2638
49953	2639
49953	2640
49953	2641
49953	2642
49953	2643
49953	2644
49953	2645
49953	2646
49953	2647
49953	2648
49953	2649
49953	2650
49953	2651
49953	2652
49953	2653
49953	2654
49953	2655
49953	2656
49953	2657
49953	2658
49953	2659
49953	2660
49953	2661
49953	2662
49953	2663
49953	2664
49953	2665
49953	2666
49953	2667
49953	2668
49953	2669
49953	2670
49953	2671
49953	2672
49954	2673
49954	2674
49954	2675
49954	2676
49954	2677
49954	2678
49954	2679
49954	2680
49954	2681
49954	2682
49954	2683
49954	2684
49954	2685
49954	2686
49954	2687
49954	2688
49954	2689
49954	2690
49954	2691
49954	2692
49954	2693
49954	2694
49954	2695
49954	2696
49954	2697
49954	2698
49954	2699
49954	2700
49954	2701
49954	2702
49954	2703
49954	2704
49954	2705
49954	2706
49954	2707
49954	2708
49954	2709
49954	2710
49954	2711
49954	2712
49954	2713
49954	2714
49954	2715
49954	2716
49954	2717
49954	2718
49954	2719
49954	2720
49954	2721
49954	2722
49954	2723
49954	2724
49954	2725
49954	2726
49954	2727
49954	2728
49954	2729
49954	2730
49954	2731
49954	2732
49954	2733
49954	2734
49954	2735
49955	2736
49955	2737
49955	2738
49955	2739
49955	2740
49955	2741
49955	2742
49955	2743
49955	2744
49955	2745
49955	2746
49955	2747
49955	2748
49955	2749
49955	2750
49955	2751
49955	2752
49955	2753
49955	2754
49955	2755
49955	2756
49955	2757
49955	2758
49955	2759
49955	2760
49955	2761
49955	2762
49955	2763
49955	2764
49955	2765
49955	2766
49955	2767
49955	2768
49955	2769
49955	2770
49955	2771
49955	2772
49955	2773
49955	2774
49955	2775
49955	2776
49955	2777
49955	2778
49955	2779
49955	2780
49955	2781
49955	2782
49955	2783
49955	2784
49955	2785
49955	2786
49955	2787
49955	2788
49955	2789
49955	2790
49955	2791
49955	2792
49955	2793
49955	2794
49955	2795
49955	2796
49955	2797
49955	2798
49955	2799
49955	2800
49956	2801
49956	2802
49956	2803
49956	2804
49956	2805
49956	2806
49956	2807
49956	2808
49956	2809
49956	2810
49956	2811
49956	2812
49956	2813
49956	2814
49956	2815
49956	2816
49956	2817
49956	2818
49956	2819
49956	2820
49956	2821
49956	2822
49956	2823
49956	2824
49956	2825
49956	2826
49956	2827
49956	2828
49956	2829
49956	2830
49956	2831
49956	2832
49956	2833
49956	2834
49956	2835
49956	2836
49956	2837
49956	2838
49956	2839
49956	2840
49956	2841
49956	2842
49956	2843
49956	2844
49956	2845
49956	2846
49956	2847
49956	2848
49956	2849
49956	2850
49956	2851
49956	2852
49956	2853
49956	2854
49956	2855
49956	2856
49956	2857
49957	2858
49957	2859
49957	2860
49957	2861
49957	2862
49957	2863
49957	2864
49957	2865
49957	2866
49957	2867
49957	2868
49957	2869
49957	2870
49957	2871
49957	2872
49957	2873
49957	2874
49957	2875
49957	2876
49957	2877
49957	2878
49957	2879
49957	2880
49957	2881
49957	2882
49957	2883
49957	2884
49957	2885
49957	2886
49957	2887
49957	2888
49957	2889
49957	2890
49957	2891
49957	2892
49957	2893
49957	2894
49957	2895
49957	2896
49957	2897
49957	2898
49957	2899
49957	2900
49957	2901
49957	2902
49957	2903
49957	2904
49957	2905
49957	2906
49957	2907
49957	2908
49957	2909
49957	2910
49957	2911
49957	2912
49957	2913
49957	2914
49957	2915
49957	2916
49957	2917
49957	2918
49958	2919
49958	2920
49958	2921
49958	2922
49958	2923
49958	2924
49958	2925
49958	2926
49958	2927
49958	2928
49958	2929
49958	2930
49958	2931
49958	2932
49958	2933
49958	2934
49958	2935
49958	2936
49958	2937
49958	2938
49958	2939
49958	2940
49958	2941
49958	2942
49958	2943
49958	2944
49958	2945
49958	2946
49958	2947
49958	2948
49958	2949
49958	2950
49958	2951
49958	2952
49958	2953
49958	2954
49958	2955
49958	2956
49958	2957
49958	2958
49958	2959
49958	2960
49958	2961
49958	2962
49958	2963
49958	2964
49958	2965
49958	2966
49958	2967
49958	2968
49958	2969
49958	2970
49958	2971
49958	2972
49958	2973
49958	2974
49958	2975
49958	2976
49958	2977
49958	2978
49958	2979
49958	2980
49958	2981
49958	2982
49958	2983
49958	2984
49958	2985
49958	2986
49959	2987
49959	2988
49959	2989
49959	2990
49959	2991
49959	2992
49959	2993
49959	2994
49959	2995
49959	2996
49959	2997
49959	2998
49959	2999
49959	3000
49959	3001
49959	3002
49959	3003
49959	3004
49959	3005
49959	3006
49959	3007
49959	3008
49959	3009
49959	3010
49959	3011
49959	3012
49959	3013
49959	3014
49959	3015
49959	3016
49959	3017
49959	3018
49959	3019
49959	3020
49959	3021
49959	3022
49959	3023
49959	3024
49959	3025
49959	3026
49959	3027
49959	3028
49959	3029
49959	3030
49959	3031
49959	3032
49959	3033
49959	3034
49959	3035
49959	3036
49959	3037
49959	3038
49959	3039
49959	3040
49959	3041
49959	3042
49959	3043
49959	3044
49959	3045
49959	3046
49959	3047
49960	3048
49960	3049
49960	3050
49960	3051
49960	3052
49960	3053
49960	3054
49960	3055
49960	3056
49960	3057
49960	3058
49960	3059
49960	3060
49960	3061
49960	3062
49960	3063
49960	3064
49960	3065
49960	3066
49960	3067
49960	3068
49960	3069
49960	3070
49960	3071
49960	3072
49960	3073
49960	3074
49960	3075
49960	3076
49960	3077
49960	3078
49960	3079
49960	3080
49960	3081
49960	3082
49960	3083
49960	3084
49960	3085
49960	3086
49960	3087
49960	3088
49960	3089
49960	3090
49960	3091
49960	3092
49960	3093
49960	3094
49960	3095
49960	3096
49960	3097
49960	3098
49960	3099
49960	3100
49961	3101
49961	3102
49961	3103
49961	3104
49961	3105
49961	3106
49961	3107
49961	3108
49961	3109
49961	3110
49961	3111
49961	3112
49961	3113
49961	3114
49961	3115
49961	3116
49961	3117
49961	3118
49961	3119
49961	3120
49961	3121
49961	3122
49961	3123
49961	3124
49961	3125
49961	3126
49961	3127
49961	3128
49961	3129
49961	3130
49961	3131
49961	3132
49961	3133
49961	3134
49961	3135
49961	3136
49961	3137
49961	3138
49961	3139
49961	3140
49961	3141
49961	3142
49961	3143
49961	3144
49961	3145
49961	3146
49961	3147
49961	3148
49961	3149
49961	3150
49961	3151
49961	3152
49961	3153
49961	3154
49961	3155
49961	3156
49961	3157
49961	3158
49961	3159
49961	3160
49961	3161
49961	3162
49961	3163
49961	3164
49961	3165
49961	3166
49961	3167
49962	3168
49962	3169
49962	3170
49962	3171
49962	3172
49962	3173
49962	3174
49962	3175
49962	3176
49962	3177
49962	3178
49962	3179
49962	3180
49962	3181
49962	3182
49962	3183
49962	3184
49962	3185
49962	3186
49962	3187
49962	3188
49962	3189
49962	3190
49962	3191
49962	3192
49962	3193
49962	3194
49962	3195
49962	3196
49962	3197
49962	3198
49962	3199
49962	3200
49962	3201
49962	3202
49962	3203
49962	3204
49962	3205
49962	3206
49962	3207
49962	3208
49962	3209
49962	3210
49962	3211
49962	3212
49962	3213
49962	3214
49962	3215
49962	3216
49962	3217
49963	3218
49963	3219
49963	3220
49963	3221
49963	3222
49963	3223
49963	3224
49963	3225
49963	3226
49963	3227
49963	3228
49963	3229
49963	3230
49963	3231
49963	3232
49963	3233
49963	3234
49963	3235
49963	3236
49963	3237
49963	3238
49963	3239
49963	3240
49963	3241
49963	3242
49963	3243
49963	3244
49963	3245
49963	3246
49963	3247
49963	3248
49963	3249
49963	3250
49963	3251
49963	3252
49963	3253
49963	3254
49963	3255
49963	3256
49963	3257
49963	3258
49963	3259
49963	3260
49963	3261
49963	3262
49963	3263
49963	3264
49963	3265
49963	3266
49963	3267
49963	3268
49963	3269
49963	3270
49963	3271
49963	3272
49963	3273
49963	3274
49963	3275
49963	3276
49963	3277
49963	3278
49963	3279
49963	3280
49963	3281
49963	3282
49963	3283
49963	3284
49963	3285
49964	3286
49964	3287
49964	3288
49964	3289
49964	3290
49964	3291
49964	3292
49964	3293
49964	3294
49964	3295
49964	3296
49964	3297
49964	3298
49964	3299
49964	3300
49964	3301
49964	3302
49964	3303
49964	3304
49964	3305
49964	3306
49964	3307
49964	3308
49964	3309
49964	3310
49964	3311
49964	3312
49964	3313
49964	3314
49964	3315
49964	3316
49964	3317
49964	3318
49964	3319
49964	3320
49964	3321
49964	3322
49964	3323
49964	3324
49964	3325
49964	3326
49964	3327
49964	3328
49964	3329
49964	3330
49964	3331
49964	3332
49964	3333
49964	3334
49964	3335
49964	3336
49964	3337
49964	3338
49964	3339
49964	3340
49964	3341
49965	3342
49965	3343
49965	3344
49965	3345
49965	3346
49965	3347
49965	3348
49965	3349
49965	3350
49965	3351
49965	3352
49965	3353
49965	3354
49965	3355
49965	3356
49965	3357
49965	3358
49965	3359
49965	3360
49965	3361
49965	3362
49965	3363
49965	3364
49965	3365
49965	3366
49965	3367
49965	3368
49965	3369
49965	3370
49965	3371
49965	3372
49965	3373
49965	3374
49965	3375
49965	3376
49965	3377
49965	3378
49965	3379
49965	3380
49965	3381
49965	3382
49965	3383
49965	3384
49965	3385
49965	3386
49965	3387
49965	3388
49965	3389
49965	3390
49965	3391
49965	3392
49965	3393
49965	3394
49965	3395
49965	3396
49965	3397
49965	3398
49965	3399
49965	3400
49965	3401
49965	3402
49965	3403
49965	3404
49965	3405
49965	3406
49965	3407
49965	3408
49965	3409
49965	3410
49965	3411
49966	3412
49966	3413
49966	3414
49966	3415
49966	3416
49966	3417
49966	3418
49966	3419
49966	3420
49966	3421
49966	3422
49966	3423
49966	3424
49966	3425
49966	3426
49966	3427
49966	3428
49966	3429
49966	3430
49966	3431
49966	3432
49966	3433
49966	3434
49966	3435
49966	3436
49966	3437
49966	3438
49966	3439
49966	3440
49966	3441
49966	3442
49966	3443
49966	3444
49966	3445
49966	3446
49966	3447
49966	3448
49966	3449
49966	3450
49966	3451
49966	3452
49966	3453
49966	3454
49966	3455
49966	3456
49966	3457
49966	3458
49966	3459
49966	3460
49966	3461
49966	3462
49966	3463
49966	3464
49966	3465
49966	3466
49966	3467
49966	3468
49966	3469
49966	3470
49966	3471
49966	3472
49966	3473
49967	3474
49967	3475
49967	3476
49967	3477
49967	3478
49967	3479
49967	3480
49967	3481
49967	3482
49967	3483
49967	3484
49967	3485
49967	3486
49967	3487
49967	3488
49967	3489
49967	3490
49967	3491
49967	3492
49967	3493
49967	3494
49967	3495
49967	3496
49967	3497
49967	3498
49967	3499
49967	3500
49967	3501
49967	3502
49967	3503
49967	3504
49967	3505
49967	3506
49967	3507
49967	3508
49967	3509
49967	3510
49967	3511
49967	3512
49967	3513
49967	3514
49967	3515
49967	3516
49967	3517
49967	3518
49967	3519
49967	3520
49967	3521
49967	3522
49967	3523
49967	3524
49967	3525
49967	3526
49967	3527
49967	3528
49967	3529
49967	3530
49967	3531
49967	3532
49967	3533
49967	3534
49967	3535
49967	3536
49967	3537
49967	3538
49967	3539
49967	3540
49967	3541
49967	3542
49967	3543
49967	3544
49967	3545
49967	3546
49967	3547
49967	3548
49967	3549
49967	3550
49967	3551
49967	3552
49967	3553
49967	3554
49968	3555
49968	3556
49968	3557
49968	3558
49968	3559
49968	3560
49968	3561
49968	3562
49968	3563
49968	3564
49968	3565
49968	3566
49968	3567
49968	3568
49968	3569
49968	3570
49968	3571
49968	3572
49968	3573
49968	3574
49968	3575
49968	3576
49968	3577
49968	3578
49968	3579
49968	3580
49968	3581
49968	3582
49968	3583
49968	3584
49968	3585
49968	3586
49968	3587
49968	3588
49968	3589
49968	3590
49968	3591
49968	3592
49968	3593
49968	3594
49968	3595
49968	3596
49968	3597
49968	3598
49968	3599
49968	3600
49968	3601
49968	3602
49968	3603
49968	3604
49969	3605
49969	3606
49969	3607
49969	3608
49969	3609
49969	3610
49969	3611
49969	3612
49969	3613
49969	3614
49969	3615
49969	3616
49969	3617
49969	3618
49969	3619
49969	3620
49969	3621
49969	3622
49969	3623
49969	3624
49969	3625
49969	3626
49969	3627
49969	3628
49969	3629
49969	3630
49969	3631
49969	3632
49969	3633
49969	3634
49969	3635
49969	3636
49969	3637
49969	3638
49969	3639
49969	3640
49969	3641
49969	3642
49969	3643
49969	3644
49969	3645
49969	3646
49969	3647
49969	3648
49969	3649
49969	3650
49969	3651
49969	3652
49969	3653
49969	3654
49969	3655
49969	3656
49969	3657
49969	3658
49969	3659
49969	3660
49969	3661
49969	3662
49969	3663
49970	3664
49970	3665
49970	3666
49970	3667
49970	3668
49970	3669
49970	3670
49970	3671
49970	3672
49970	3673
49970	3674
49970	3675
49970	3676
49970	3677
49970	3678
49970	3679
49970	3680
49970	3681
49970	3682
49970	3683
49970	3684
49970	3685
49970	3686
49970	3687
49970	3688
49970	3689
49970	3690
49970	3691
49970	3692
49970	3693
49970	3694
49970	3695
49970	3696
49970	3697
49970	3698
49970	3699
49970	3700
49970	3701
49970	3702
49970	3703
49970	3704
49970	3705
49970	3706
49970	3707
49970	3708
49970	3709
49970	3710
49970	3711
49970	3712
49970	3713
49970	3714
49970	3715
49970	3716
49970	3717
49970	3718
49970	3719
49970	3720
49970	3721
49970	3722
49970	3723
49970	3724
49971	3725
49971	3726
49971	3727
49971	3728
49971	3729
49971	3730
49971	3731
49971	3732
49971	3733
49971	3734
49971	3735
49971	3736
49971	3737
49971	3738
49971	3739
49971	3740
49971	3741
49971	3742
49971	3743
49971	3744
49971	3745
49971	3746
49971	3747
49971	3748
49971	3749
49971	3750
49971	3751
49971	3752
49971	3753
49971	3754
49971	3755
49971	3756
49971	3757
49971	3758
49971	3759
49971	3760
49971	3761
49971	3762
49971	3763
49971	3764
49971	3765
49971	3766
49971	3767
49971	3768
49971	3769
49971	3770
49971	3771
49971	3772
49971	3773
49971	3774
49971	3775
49971	3776
49971	3777
49971	3778
49971	3779
49971	3780
49972	3781
49972	3782
49972	3783
49972	3784
49972	3785
49972	3786
49972	3787
49972	3788
49972	3789
49972	3790
49972	3791
49972	3792
49972	3793
49972	3794
49972	3795
49972	3796
49972	3797
49972	3798
49972	3799
49972	3800
49972	3801
49972	3802
49972	3803
49972	3804
49972	3805
49972	3806
49972	3807
49972	3808
49972	3809
49972	3810
49972	3811
49972	3812
49972	3813
49972	3814
49972	3815
49972	3816
49972	3817
49972	3818
49972	3819
49972	3820
49972	3821
49972	3822
49972	3823
49972	3824
49972	3825
49972	3826
49972	3827
49972	3828
49972	3829
49972	3830
49973	3831
49973	3832
49973	3833
49973	3834
49973	3835
49973	3836
49973	3837
49973	3838
49973	3839
49973	3840
49973	3841
49973	3842
49973	3843
49973	3844
49973	3845
49973	3846
49973	3847
49973	3848
49973	3849
49973	3850
49973	3851
49973	3852
49973	3853
49973	3854
49973	3855
49973	3856
49973	3857
49973	3858
49973	3859
49973	3860
49973	3861
49973	3862
49973	3863
49973	3864
49973	3865
49973	3866
49973	3867
49973	3868
49973	3869
49973	3870
49973	3871
49973	3872
49973	3873
49973	3874
49973	3875
49973	3876
49973	3877
49973	3878
49973	3879
49973	3880
49973	3881
49973	3882
49973	3883
49973	3884
49973	3885
49973	3886
49973	3887
49973	3888
49973	3889
49973	3890
49974	3891
49974	3892
49974	3893
49974	3894
49974	3895
49974	3896
49974	3897
49974	3898
49974	3899
49974	3900
49974	3901
49974	3902
49974	3903
49974	3904
49974	3905
49974	3906
49974	3907
49974	3908
49974	3909
49974	3910
49974	3911
49974	3912
49974	3913
49974	3914
49974	3915
49974	3916
49974	3917
49974	3918
49974	3919
49974	3920
49974	3921
49974	3922
49974	3923
49974	3924
49974	3925
49974	3926
49974	3927
49974	3928
49974	3929
49974	3930
49974	3931
49974	3932
49974	3933
49974	3934
49974	3935
49974	3936
49974	3937
49974	3938
49974	3939
49974	3940
49974	3941
49974	3942
49974	3943
49975	3944
49975	3945
49975	3946
49975	3947
49975	3948
49975	3949
49975	3950
49975	3951
49975	3952
49975	3953
49975	3954
49975	3955
49975	3956
49975	3957
49975	3958
49975	3959
49975	3960
49975	3961
49975	3962
49975	3963
49975	3964
49975	3965
49975	3966
49975	3967
49975	3968
49975	3969
49975	3970
49975	3971
49975	3972
49975	3973
49975	3974
49975	3975
49975	3976
49975	3977
49975	3978
49975	3979
49975	3980
49975	3981
49975	3982
49975	3983
49975	3984
49975	3985
49975	3986
49975	3987
49975	3988
49975	3989
49975	3990
49975	3991
49975	3992
49975	3993
49975	3994
49975	3995
49975	3996
49975	3997
49975	3998
49975	3999
49975	4000
49975	4001
49975	4002
49975	4003
49976	4004
49976	4005
49976	4006
49976	4007
49976	4008
49976	4009
49976	4010
49976	4011
49976	4012
49976	4013
49976	4014
49976	4015
49976	4016
49976	4017
49976	4018
49976	4019
49976	4020
49976	4021
49976	4022
49976	4023
49976	4024
49976	4025
49976	4026
49976	4027
49976	4028
49976	4029
49976	4030
49976	4031
49976	4032
49976	4033
49976	4034
49976	4035
49976	4036
49976	4037
49976	4038
49976	4039
49976	4040
49976	4041
49976	4042
49976	4043
49976	4044
49976	4045
49976	4046
49976	4047
49976	4048
49976	4049
49976	4050
49976	4051
49976	4052
49976	4053
49976	4054
49976	4055
49976	4056
49976	4057
49976	4058
49976	4059
49976	4060
49976	4061
49976	4062
49976	4063
49976	4064
49976	4065
49976	4066
49976	4067
49976	4068
49976	4069
49977	4070
49977	4071
49977	4072
49977	4073
49977	4074
49977	4075
49977	4076
49977	4077
49977	4078
49977	4079
49977	4080
49977	4081
49977	4082
49977	4083
49977	4084
49977	4085
49977	4086
49977	4087
49977	4088
49977	4089
49977	4090
49977	4091
49977	4092
49977	4093
49977	4094
49977	4095
49977	4096
49977	4097
49977	4098
49977	4099
49977	4100
49977	4101
49977	4102
49977	4103
49977	4104
49977	4105
49977	4106
49977	4107
49977	4108
49977	4109
49977	4110
49977	4111
49977	4112
49978	4113
49978	4114
49978	4115
49978	4116
49978	4117
49978	4118
49978	4119
49978	4120
49978	4121
49978	4122
49978	4123
49978	4124
49978	4125
49978	4126
49978	4127
49978	4128
49978	4129
49978	4130
49978	4131
49978	4132
49978	4133
49978	4134
49978	4135
49978	4136
49978	4137
49978	4138
49978	4139
49978	4140
49978	4141
49978	4142
49978	4143
49978	4144
49978	4145
49978	4146
49978	4147
49978	4148
49978	4149
49978	4150
49978	4151
49978	4152
49978	4153
49978	4154
49978	4155
49978	4156
49978	4157
49978	4158
49978	4159
49978	4160
49978	4161
49978	4162
49979	4163
49979	4164
49979	4165
49979	4166
49979	4167
49979	4168
49979	4169
49979	4170
49979	4171
49979	4172
49979	4173
49979	4174
49979	4175
49979	4176
49979	4177
49979	4178
49979	4179
49979	4180
49979	4181
49979	4182
49979	4183
49979	4184
49979	4185
49979	4186
49979	4187
49979	4188
49979	4189
49979	4190
49979	4191
49979	4192
49979	4193
49979	4194
49979	4195
49979	4196
49979	4197
49979	4198
49979	4199
49979	4200
49979	4201
49979	4202
49979	4203
49979	4204
49979	4205
49979	4206
49979	4207
49979	4208
49979	4209
49979	4210
49980	4211
49980	4212
49980	4213
49980	4214
49980	4215
49980	4216
49980	4217
49980	4218
49980	4219
49980	4220
49980	4221
49980	4222
49980	4223
49980	4224
49980	4225
49980	4226
49980	4227
49980	4228
49980	4229
49980	4230
49980	4231
49980	4232
49980	4233
49980	4234
49980	4235
49980	4236
49980	4237
49980	4238
49980	4239
49980	4240
49980	4241
49980	4242
49980	4243
49980	4244
49980	4245
49980	4246
49980	4247
49980	4248
49980	4249
49980	4250
49980	4251
49980	4252
49980	4253
49980	4254
49980	4255
49980	4256
49980	4257
49980	4258
49980	4259
49980	4260
49981	4261
49981	4262
49981	4263
49981	4264
49981	4265
49981	4266
49981	4267
49981	4268
49981	4269
49981	4270
49981	4271
49981	4272
49981	4273
49981	4274
49981	4275
49981	4276
49981	4277
49981	4278
49981	4279
49981	4280
49981	4281
49981	4282
49981	4283
49981	4284
49981	4285
49981	4286
49981	4287
49981	4288
49981	4289
49981	4290
49981	4291
49981	4292
49981	4293
49981	4294
49981	4295
49981	4296
49982	4297
49982	4298
49982	4299
49982	4300
49982	4301
49982	4302
49982	4303
49982	4304
49982	4305
49982	4306
49982	4307
49982	4308
49982	4309
49982	4310
49982	4311
49982	4312
49982	4313
49982	4314
49982	4315
49982	4316
49982	4317
49982	4318
49982	4319
49982	4320
49982	4321
49982	4322
49982	4323
49982	4324
49982	4325
49982	4326
49982	4327
49982	4328
49982	4329
49982	4330
49982	4331
49982	4332
49982	4333
49982	4334
49982	4335
49982	4336
49982	4337
49982	4338
49982	4339
49983	4340
49983	4341
49983	4342
49983	4343
49983	4344
49983	4345
49983	4346
49983	4347
49983	4348
49983	4349
49983	4350
49983	4351
49983	4352
49983	4353
49983	4354
49983	4355
49983	4356
49983	4357
49983	4358
49983	4359
49983	4360
49983	4361
49983	4362
49983	4363
49983	4364
49983	4365
49983	4366
49983	4367
49983	4368
49983	4369
49983	4370
49983	4371
49983	4372
49983	4373
49983	4374
49983	4375
49983	4376
49983	4377
49983	4378
49983	4379
49983	4380
49983	4381
49984	4382
49984	4383
49984	4384
49984	4385
49984	4386
49984	4387
49984	4388
49984	4389
49984	4390
49984	4391
49984	4392
49984	4393
49984	4394
49984	4395
49984	4396
49984	4397
49984	4398
49984	4399
49984	4400
49984	4401
49984	4402
49984	4403
49984	4404
49984	4405
49984	4406
49984	4407
49984	4408
49985	4409
49985	4410
49985	4411
49985	4412
49985	4413
49985	4414
49985	4415
49985	4416
49985	4417
49985	4418
49985	4419
49985	4420
49985	4421
49985	4422
49985	4423
49985	4424
49985	4425
49985	4426
49985	4427
49985	4428
49985	4429
49985	4430
49985	4431
49985	4432
49985	4433
49985	4434
49985	4435
49985	4436
49985	4437
49985	4438
49985	4439
49985	4440
49985	4441
49986	4442
49986	4443
49986	4444
49986	4445
49986	4446
49986	4447
49986	4448
49986	4449
49986	4450
49986	4451
49986	4452
49986	4453
49986	4454
49986	4455
49986	4456
49986	4457
49986	4458
49986	4459
49986	4460
49986	4461
49986	4462
49986	4463
49986	4464
49986	4465
49986	4466
49986	4467
49986	4468
49986	4469
49986	4470
49986	4471
49987	4472
49987	4473
49987	4474
49987	4475
49987	4476
49987	4477
49987	4478
49987	4479
49987	4480
49987	4481
49987	4482
49987	4483
49987	4484
49987	4485
49987	4486
49987	4487
49987	4488
49987	4489
49987	4490
49987	4491
49987	4492
49987	4493
49987	4494
49988	4495
49988	4496
49988	4497
49988	4498
49988	4499
49988	4500
49988	4501
49988	4502
49988	4503
49988	4504
49988	4505
49988	4506
49988	4507
49988	4508
49988	4509
49988	4510
49988	4511
49988	4512
49988	4513
49988	4514
49988	4515
49988	4516
49988	4517
49988	4518
49988	4519
49988	4520
49988	4521
49988	4522
49988	4523
49988	4524
49988	4525
49988	4526
49988	4527
49988	4528
49988	4529
49988	4530
49988	4531
49988	4532
49988	4533
49988	4534
49989	4535
49989	4536
49989	4537
49989	4538
49989	4539
49989	4540
49989	4541
49989	4542
49989	4543
49989	4544
49989	4545
49989	4546
49989	4547
49989	4548
49989	4549
49989	4550
49989	4551
49989	4552
49989	4553
49989	4554
49989	4555
49989	4556
49989	4557
49989	4558
49989	4559
49989	4560
49990	4561
49990	4562
49990	4563
49990	4564
49990	4565
49990	4566
49990	4567
49990	4568
49990	4569
49990	4570
49990	4571
49990	4572
49990	4573
49990	4574
49990	4575
49990	4576
49990	4577
49990	4578
49990	4579
49990	4580
49990	4581
49990	4582
49990	4583
49991	4584
49991	4585
49991	4586
49991	4587
49991	4588
49991	4589
49991	4590
49991	4591
49991	4592
49991	4593
49991	4594
49991	4595
49991	4596
49991	4597
49991	4598
49991	4599
49991	4600
49991	4601
49991	4602
49991	4603
49991	4604
49991	4605
49991	4606
49991	4607
49991	4608
49991	4609
49991	4610
49992	4611
49992	4612
49992	4613
49992	4614
49992	4615
49992	4616
49992	4617
49992	4618
49992	4619
49992	4620
49992	4621
49992	4622
49992	4623
49992	4624
49992	4625
49992	4626
49992	4627
49992	4628
49992	4629
49992	4630
49993	4631
49993	4632
49993	4633
49993	4634
49993	4635
49993	4636
49993	4637
49993	4638
49993	4639
49993	4640
49993	4641
49993	4642
49993	4643
49993	4644
49993	4645
49993	4646
49993	4647
49994	4648
49994	4649
49994	4650
49994	4651
49994	4652
49994	4653
49994	4654
49994	4655
49994	4656
49994	4657
49994	4658
49994	4659
49994	4660
49994	4661
49994	4662
49994	4663
49994	4664
49995	4665
49995	4666
49995	4667
49995	4668
49995	4669
49995	4670
49995	4671
49995	4672
49995	4673
49995	4674
49995	4675
49995	4676
49996	4677
49996	4678
49996	4679
49996	4680
49996	4681
49996	4682
49996	4683
49996	4684
49996	4685
49996	4686
49996	4687
49997	4688
49997	4689
49997	4690
49997	4691
49997	4692
49997	4693
49997	4694
49998	4695
49998	4696
49998	4697
49998	4698
49998	4699
49998	4700
49998	4701
49998	4702
49998	4703
49998	4704
49998	4705
49999	4706
49999	4707
49999	4708
49999	4709
49999	4710
