Year	Forefathers
0	2
8223	4
9173	5
12426	6
15133	7
16053	8
17160	9
22475	10
30918	11
31477	12
32553	13
32570	14
32701	15
34316	16
36053	17
36187	18
36286	19
36462	20
36624	21
36795	22
36878	23
37641	24
37720	25
37996	26
38117	27
38827	28
39088	29
39163	30
39325	31
39454	32
39924	33
40113	34
40250	35
40273	36
40354	37
40399	38
40488	39
41221	40
41430	41
41647	42
41679	43
41740	44
41876	45
42042	46
42307	47
42570	48
42626	49
42720	50
42748	51
43162	52
43367	53
43556	54
43597	55
43923	56
43974	57
43991	58
44031	59
44064	60
44109	61
44235	62
44297	63
44393	64
44445	65
44449	66
44535	67
44635	68
44828	69
44869	70
44877	71
44913	72
44964	73
45000	74
45093	75
45134	76
45169	77
45312	78
45362	79
45377	80
45692	81
45749	82
45796	83
45846	84
45924	85
45940	86
46015	87
46236	88
46285	89
46412	90
46424	91
46513	92
46567	93
46606	94
46606	95
46628	96
46808	97
46817	98
46846	99
46854	100
46865	101
46868	102
46962	103
46971	104
47068	105
47089	106
47211	107
47215	108
47218	109
47321	110
47340	111
47380	112
47381	113
47414	114
47420	115
47462	116
47502	117
47503	118
47505	119
47528	120
47548	121
47560	122
47577	123
47591	124
47636	125
47640	126
47659	127
47662	128
47684	129
47695	130
47738	131
47814	132
47834	133
47850	134
47864	135
47918	136
47950	137
47955	138
48002	139
48008	140
48013	141
48035	142
48061	143
48070	144
48083	145
48118	146
48141	147
48163	148
48163	149
48183	150
48185	151
48208	152
48211	153
48220	154
48222	155
48223	156
48231	157
48234	158
48244	159
48256	160
48265	161
48266	162
48268	163
48276	164
48302	165
48305	166
48310	167
48324	168
48334	169
48367	170
48368	171
48378	172
48380	173
48407	174
48415	175
48422	176
48433	177
48445	178
48449	179
48450	180
48453	181
48459	182
48467	183
48477	184
48478	185
48485	186
48488	187
48489	188
48495	189
48495	190
48505	191
48511	192
48515	193
48531	194
48534	195
48543	196
48549	197
48553	198
48558	199
48567	200
48583	201
48585	202
48585	203
48592	204
48603	205
48605	206
48607	207
48611	208
48612	209
48615	210
48646	211
48648	212
48651	213
48652	214
48659	215
48662	216
48669	217
48669	218
48671	219
48672	220
48687	221
48687	222
48690	223
48702	224
48719	225
48730	226
48738	227
48748	228
48751	229
48752	230
48755	231
48764	232
48765	233
48772	234
48777	235
48778	236
48791	237
48797	238
48798	239
48799	240
48801	241
48803	242
48808	243
48813	244
48813	245
48815	246
48815	247
48825	248
48831	249
48836	250
48844	251
48845	252
48850	253
48853	254
48856	255
48857	256
48865	257
48866	258
48867	259
48881	260
48894	261
48896	262
48897	263
48899	264
48902	265
48903	266
48905	267
48907	268
48909	269
48914	270
48917	271
48924	272
48925	273
48925	274
48926	275
48934	276
48935	277
48949	278
48956	279
48962	280
48962	281
48966	282
48971	283
48973	284
48973	285
48977	286
48981	287
48983	288
48985	289
48987	290
48988	291
48996	292
49000	293
49001	294
49011	295
49015	296
49020	297
49024	298
49029	299
49037	300
49042	301
49043	302
49044	303
49045	304
49049	305
49051	306
49052	307
49055	308
49055	309
49060	310
49066	311
49070	312
49070	313
49073	314
49076	315
49082	316
49086	317
49094	318
49095	319
49100	320
49110	321
49111	322
49112	323
49115	324
49118	325
49121	326
49122	327
49127	328
49127	329
49129	330
49131	331
49131	332
49132	333
49136	334
49140	335
49144	336
49146	337
49149	338
49150	339
49152	340
49152	341
49152	342
49159	343
49162	344
49162	345
49169	346
49169	347
49170	348
49178	349
49178	350
49178	351
49179	352
49184	353
49185	354
49186	355
49186	356
49192	357
49192	358
49192	359
49196	360
49199	361
49200	362
49204	363
49204	364
49205	365
49209	366
49212	367
49217	368
49217	369
49219	370
49222	371
49227	372
49228	373
49228	374
49231	375
49232	376
49238	377
49239	378
49242	379
49245	380
49245	381
49246	382
49246	383
49249	384
49249	385
49249	386
49253	387
49254	388
49256	389
49261	390
49263	391
49264	392
49266	393
49267	394
49268	395
49268	396
49270	397
49273	398
49273	399
49274	400
49275	401
49278	402
49279	403
49286	404
49292	405
49294	406
49294	407
49298	408
49311	409
49315	410
49317	411
49318	412
49318	413
49320	414
49322	415
49324	416
49327	417
49328	418
49332	419
49332	420
49332	421
49334	422
49335	423
49335	424
49339	425
49339	426
49341	427
49342	428
49344	429
49347	430
49348	431
49349	432
49351	433
49355	434
49356	435
49360	436
49361	437
49364	438
49364	439
49367	440
49368	441
49368	442
49369	443
49372	444
49372	445
49373	446
49373	447
49374	448
49377	449
49377	450
49383	451
49386	452
49391	453
49392	454
49394	455
49396	456
49400	457
49400	458
49401	459
49405	460
49405	461
49406	462
49407	463
49407	464
49407	465
49408	466
49408	467
49408	468
49408	469
49409	470
49414	471
49415	472
49416	473
49417	474
49418	475
49420	476
49421	477
49425	478
49425	479
49426	480
49426	481
49428	482
49429	483
49429	484
49429	485
49430	486
49430	487
49431	488
49432	489
49432	490
49433	491
49434	492
49434	493
49434	494
49441	495
49441	496
49441	497
49443	498
49444	499
49446	500
49446	501
49446	502
49449	503
49450	504
49452	505
49452	506
49453	507
49454	508
49454	509
49454	510
49456	511
49456	512
49457	513
49457	514
49457	515
49457	516
49458	517
49459	518
49464	519
49467	520
49467	521
49469	522
49469	523
49470	524
49471	525
49471	526
49474	527
49476	528
49477	529
49477	530
49479	531
49481	532
49481	533
49481	534
49481	535
49482	536
49484	537
49484	538
49486	539
49488	540
49490	541
49491	542
49492	543
49492	544
49492	545
49492	546
49494	547
49497	548
49499	549
49500	550
49500	551
49501	552
49501	553
49502	554
49503	555
49503	556
49503	557
49504	558
49504	559
49504	560
49504	561
49507	562
49509	563
49510	564
49510	565
49511	566
49513	567
49514	568
49515	569
49515	570
49515	571
49516	572
49517	573
49518	574
49519	575
49520	576
49521	577
49522	578
49525	579
49526	580
49527	581
49527	582
49528	583
49530	584
49530	585
49531	586
49531	587
49532	588
49533	589
49533	590
49534	591
49535	592
49536	593
49537	594
49539	595
49540	596
49541	597
49543	598
49544	599
49546	600
49547	601
49548	602
49548	603
49548	604
49549	605
49550	606
49550	607
49551	608
49552	609
49553	610
49554	611
49554	612
49555	613
49556	614
49557	615
49560	616
49561	617
49561	618
49563	619
49565	620
49565	621
49566	622
49566	623
49568	624
49570	625
49571	626
49573	627
49576	628
49576	629
49578	630
49579	631
49580	632
49580	633
49581	634
49581	635
49582	636
49582	637
49583	638
49583	639
49583	640
49585	641
49586	642
49587	643
49588	644
49589	645
49589	646
49589	647
49591	648
49591	649
49593	650
49594	651
49595	652
49596	653
49597	654
49597	655
49598	656
49599	657
49599	658
49600	659
49601	660
49601	661
49602	662
49603	663
49603	664
49606	665
49606	666
49606	667
49606	668
49606	669
49607	670
49608	671
49608	672
49608	673
49609	674
49610	675
49610	676
49611	677
49612	678
49612	679
49612	680
49613	681
49615	682
49616	683
49616	684
49618	685
49618	686
49618	687
49619	688
49619	689
49620	690
49620	691
49620	692
49620	693
49621	694
49621	695
49622	696
49622	697
49623	698
49624	699
49624	700
49625	701
49625	702
49625	703
49626	704
49627	705
49628	706
49630	707
49630	708
49631	709
49631	710
49631	711
49632	712
49632	713
49633	714
49633	715
49633	716
49635	717
49635	718
49635	719
49635	720
49636	721
49638	722
49638	723
49639	724
49639	725
49639	726
49641	727
49641	728
49641	729
49642	730
49642	731
49642	732
49642	733
49643	734
49644	735
49644	736
49644	737
49645	738
49645	739
49645	740
49645	741
49645	742
49645	743
49646	744
49646	745
49646	746
49648	747
49649	748
49649	749
49649	750
49649	751
49649	752
49649	753
49650	754
49650	755
49650	756
49651	757
49651	758
49652	759
49653	760
49653	761
49653	762
49653	763
49654	764
49655	765
49655	766
49655	767
49656	768
49656	769
49656	770
49656	771
49656	772
49656	773
49657	774
49657	775
49657	776
49658	777
49660	778
49660	779
49661	780
49661	781
49662	782
49663	783
49663	784
49663	785
49664	786
49664	787
49664	788
49664	789
49664	790
49665	791
49665	792
49665	793
49665	794
49665	795
49666	796
49666	797
49666	798
49667	799
49667	800
49667	801
49667	802
49668	803
49668	804
49669	805
49669	806
49670	807
49670	808
49671	809
49671	810
49671	811
49672	812
49672	813
49672	814
49672	815
49673	816
49673	817
49673	818
49674	819
49674	820
49675	821
49675	822
49676	823
49676	824
49676	825
49676	826
49677	827
49677	828
49677	829
49678	830
49679	831
49679	832
49679	833
49680	834
49680	835
49680	836
49681	837
49681	838
49681	839
49681	840
49682	841
49682	842
49682	843
49683	844
49684	845
49684	846
49684	847
49684	848
49685	849
49685	850
49687	851
49687	852
49687	853
49687	854
49688	855
49688	856
49688	857
49690	858
49690	859
49690	860
49691	861
49692	862
49692	863
49692	864
49692	865
49693	866
49693	867
49693	868
49694	869
49694	870
49694	871
49694	872
49695	873
49695	874
49695	875
49695	876
49696	877
49696	878
49696	879
49696	880
49696	881
49697	882
49697	883
49698	884
49698	885
49698	886
49698	887
49700	888
49701	889
49701	890
49701	891
49701	892
49701	893
49701	894
49702	895
49702	896
49702	897
49703	898
49703	899
49704	900
49704	901
49705	902
49705	903
49705	904
49706	905
49706	906
49706	907
49706	908
49707	909
49707	910
49708	911
49708	912
49709	913
49709	914
49709	915
49710	916
49710	917
49710	918
49710	919
49710	920
49711	921
49711	922
49711	923
49711	924
49711	925
49711	926
49712	927
49712	928
49712	929
49712	930
49713	931
49714	932
49715	933
49715	934
49715	935
49715	936
49715	937
49715	938
49716	939
49716	940
49716	941
49716	942
49717	943
49717	944
49718	945
49719	946
49719	947
49719	948
49720	949
49720	950
49720	951
49720	952
49720	953
49720	954
49721	955
49721	956
49721	957
49721	958
49722	959
49722	960
49722	961
49723	962
49724	963
49724	964
49725	965
49725	966
49725	967
49725	968
49725	969
49725	970
49726	971
49726	972
49727	973
49727	974
49727	975
49727	976
49728	977
49729	978
49729	979
49729	980
49729	981
49730	982
49730	983
49730	984
49730	985
49731	986
49732	987
49732	988
49732	989
49733	990
49733	991
49733	992
49734	993
49734	994
49735	995
49735	996
49736	997
49736	998
49736	999
49737	1000
49737	1001
49738	1002
49738	1003
49738	1004
49738	1005
49739	1006
49739	1007
49740	1008
49740	1009
49741	1010
49741	1011
49741	1012
49742	1013
49742	1014
49742	1015
49743	1016
49743	1017
49743	1018
49744	1019
49744	1020
49745	1021
49745	1022
49745	1023
49745	1024
49745	1025
49745	1026
49746	1027
49746	1028
49746	1029
49747	1030
49747	1031
49747	1032
49747	1033
49747	1034
49748	1035
49748	1036
49748	1037
49749	1038
49749	1039
49749	1040
49750	1041
49750	1042
49750	1043
49751	1044
49751	1045
49752	1046
49752	1047
49752	1048
49752	1049
49752	1050
49752	1051
49753	1052
49753	1053
49753	1054
49754	1055
49754	1056
49754	1057
49755	1058
49755	1059
49756	1060
49756	1061
49756	1062
49756	1063
49756	1064
49756	1065
49756	1066
49756	1067
49757	1068
49757	1069
49757	1070
49757	1071
49757	1072
49757	1073
49758	1074
49758	1075
49758	1076
49758	1077
49759	1078
49759	1079
49759	1080
49759	1081
49759	1082
49759	1083
49760	1084
49760	1085
49760	1086
49760	1087
49761	1088
49761	1089
49761	1090
49761	1091
49761	1092
49761	1093
49762	1094
49762	1095
49763	1096
49764	1097
49764	1098
49764	1099
49764	1100
49765	1101
49766	1102
49766	1103
49766	1104
49766	1105
49766	1106
49766	1107
49767	1108
49767	1109
49767	1110
49768	1111
49768	1112
49768	1113
49769	1114
49769	1115
49769	1116
49769	1117
49769	1118
49769	1119
49770	1120
49770	1121
49770	1122
49771	1123
49771	1124
49771	1125
49772	1126
49772	1127
49772	1128
49772	1129
49773	1130
49773	1131
49773	1132
49773	1133
49773	1134
49773	1135
49773	1136
49774	1137
49774	1138
49774	1139
49775	1140
49775	1141
49775	1142
49775	1143
49776	1144
49776	1145
49777	1146
49778	1147
49778	1148
49778	1149
49778	1150
49779	1151
49779	1152
49779	1153
49779	1154
49779	1155
49779	1156
49779	1157
49780	1158
49780	1159
49780	1160
49780	1161
49780	1162
49780	1163
49780	1164
49781	1165
49781	1166
49781	1167
49782	1168
49782	1169
49782	1170
49782	1171
49782	1172
49782	1173
49782	1174
49782	1175
49783	1176
49783	1177
49783	1178
49783	1179
49783	1180
49783	1181
49784	1182
49784	1183
49785	1184
49785	1185
49785	1186
49785	1187
49785	1188
49785	1189
49786	1190
49786	1191
49786	1192
49787	1193
49787	1194
49788	1195
49788	1196
49788	1197
49788	1198
49788	1199
49788	1200
49788	1201
49789	1202
49789	1203
49790	1204
49790	1205
49790	1206
49790	1207
49790	1208
49790	1209
49790	1210
49791	1211
49791	1212
49791	1213
49791	1214
49791	1215
49791	1216
49791	1217
49792	1218
49792	1219
49792	1220
49792	1221
49792	1222
49792	1223
49792	1224
49793	1225
49793	1226
49793	1227
49793	1228
49793	1229
49793	1230
49793	1231
49793	1232
49793	1233
49794	1234
49794	1235
49795	1236
49795	1237
49795	1238
49796	1239
49796	1240
49796	1241
49796	1242
49796	1243
49796	1244
49796	1245
49796	1246
49796	1247
49797	1248
49797	1249
49797	1250
49797	1251
49797	1252
49798	1253
49798	1254
49798	1255
49798	1256
49798	1257
49798	1258
49798	1259
49799	1260
49799	1261
49799	1262
49800	1263
49800	1264
49800	1265
49800	1266
49800	1267
49800	1268
49800	1269
49801	1270
49802	1271
49802	1272
49802	1273
49802	1274
49802	1275
49802	1276
49802	1277
49803	1278
49803	1279
49803	1280
49803	1281
49803	1282
49803	1283
49803	1284
49803	1285
49803	1286
49803	1287
49803	1288
49804	1289
49804	1290
49804	1291
49805	1292
49805	1293
49805	1294
49805	1295
49805	1296
49805	1297
49805	1298
49805	1299
49806	1300
49806	1301
49806	1302
49806	1303
49806	1304
49806	1305
49806	1306
49806	1307
49807	1308
49807	1309
49807	1310
49808	1311
49808	1312
49808	1313
49809	1314
49809	1315
49809	1316
49809	1317
49809	1318
49809	1319
49809	1320
49809	1321
49810	1322
49810	1323
49810	1324
49811	1325
49811	1326
49811	1327
49811	1328
49811	1329
49812	1330
49812	1331
49812	1332
49812	1333
49813	1334
49813	1335
49813	1336
49813	1337
49813	1338
49813	1339
49813	1340
49814	1341
49814	1342
49814	1343
49814	1344
49814	1345
49814	1346
49814	1347
49814	1348
49815	1349
49815	1350
49815	1351
49815	1352
49815	1353
49815	1354
49816	1355
49816	1356
49816	1357
49816	1358
49816	1359
49816	1360
49817	1361
49817	1362
49817	1363
49817	1364
49817	1365
49817	1366
49817	1367
49817	1368
49818	1369
49818	1370
49818	1371
49818	1372
49818	1373
49818	1374
49819	1375
49819	1376
49819	1377
49819	1378
49819	1379
49820	1380
49820	1381
49820	1382
49820	1383
49820	1384
49820	1385
49821	1386
49821	1387
49821	1388
49821	1389
49822	1390
49822	1391
49822	1392
49822	1393
49822	1394
49823	1395
49823	1396
49823	1397
49824	1398
49824	1399
49824	1400
49824	1401
49824	1402
49824	1403
49825	1404
49825	1405
49825	1406
49825	1407
49825	1408
49826	1409
49826	1410
49826	1411
49826	1412
49826	1413
49826	1414
49826	1415
49826	1416
49826	1417
49827	1418
49827	1419
49827	1420
49828	1421
49828	1422
49828	1423
49828	1424
49828	1425
49828	1426
49828	1427
49828	1428
49828	1429
49828	1430
49829	1431
49829	1432
49829	1433
49829	1434
49829	1435
49829	1436
49829	1437
49829	1438
49829	1439
49829	1440
49830	1441
49830	1442
49830	1443
49830	1444
49830	1445
49830	1446
49831	1447
49831	1448
49831	1449
49831	1450
49832	1451
49832	1452
49832	1453
49832	1454
49832	1455
49832	1456
49832	1457
49832	1458
49832	1459
49832	1460
49833	1461
49833	1462
49833	1463
49833	1464
49833	1465
49833	1466
49833	1467
49833	1468
49833	1469
49833	1470
49833	1471
49833	1472
49833	1473
49833	1474
49833	1475
49834	1476
49834	1477
49834	1478
49834	1479
49834	1480
49835	1481
49835	1482
49835	1483
49835	1484
49835	1485
49836	1486
49836	1487
49836	1488
49836	1489
49836	1490
49836	1491
49836	1492
49836	1493
49837	1494
49837	1495
49837	1496
49837	1497
49838	1498
49838	1499
49838	1500
49838	1501
49838	1502
49838	1503
49838	1504
49838	1505
49838	1506
49838	1507
49839	1508
49839	1509
49839	1510
49839	1511
49840	1512
49840	1513
49840	1514
49840	1515
49840	1516
49840	1517
49840	1518
49841	1519
49841	1520
49841	1521
49841	1522
49841	1523
49841	1524
49841	1525
49841	1526
49841	1527
49842	1528
49842	1529
49842	1530
49842	1531
49843	1532
49843	1533
49843	1534
49843	1535
49843	1536
49843	1537
49844	1538
49844	1539
49844	1540
49844	1541
49845	1542
49845	1543
49845	1544
49845	1545
49845	1546
49845	1547
49845	1548
49845	1549
49846	1550
49846	1551
49846	1552
49846	1553
49846	1554
49846	1555
49846	1556
49846	1557
49847	1558
49847	1559
49847	1560
49847	1561
49847	1562
49847	1563
49847	1564
49847	1565
49847	1566
49847	1567
49848	1568
49848	1569
49848	1570
49848	1571
49848	1572
49848	1573
49849	1574
49849	1575
49849	1576
49849	1577
49849	1578
49849	1579
49849	1580
49850	1581
49850	1582
49850	1583
49850	1584
49850	1585
49850	1586
49850	1587
49850	1588
49850	1589
49851	1590
49851	1591
49852	1592
49852	1593
49852	1594
49852	1595
49852	1596
49852	1597
49852	1598
49852	1599
49853	1600
49853	1601
49853	1602
49853	1603
49853	1604
49853	1605
49853	1606
49853	1607
49854	1608
49854	1609
49854	1610
49854	1611
49854	1612
49854	1613
49854	1614
49854	1615
49854	1616
49855	1617
49855	1618
49855	1619
49855	1620
49855	1621
49855	1622
49855	1623
49855	1624
49855	1625
49855	1626
49856	1627
49856	1628
49856	1629
49856	1630
49856	1631
49856	1632
49856	1633
49856	1634
49857	1635
49857	1636
49857	1637
49857	1638
49857	1639
49857	1640
49857	1641
49857	1642
49857	1643
49857	1644
49857	1645
49857	1646
49858	1647
49858	1648
49858	1649
49858	1650
49858	1651
49858	1652
49859	1653
49859	1654
49859	1655
49859	1656
49859	1657
49859	1658
49859	1659
49859	1660
49859	1661
49859	1662
49860	1663
49860	1664
49860	1665
49860	1666
49860	1667
49860	1668
49860	1669
49860	1670
49861	1671
49861	1672
49861	1673
49861	1674
49861	1675
49861	1676
49861	1677
49861	1678
49861	1679
49862	1680
49862	1681
49862	1682
49862	1683
49862	1684
49862	1685
49862	1686
49862	1687
49862	1688
49862	1689
49862	1690
49863	1691
49863	1692
49863	1693
49863	1694
49863	1695
49863	1696
49863	1697
49863	1698
49863	1699
49863	1700
49863	1701
49863	1702
49863	1703
49863	1704
49863	1705
49863	1706
49864	1707
49864	1708
49864	1709
49864	1710
49864	1711
49864	1712
49864	1713
49864	1714
49864	1715
49864	1716
49864	1717
49864	1718
49864	1719
49865	1720
49865	1721
49865	1722
49865	1723
49865	1724
49865	1725
49865	1726
49865	1727
49865	1728
49865	1729
49865	1730
49866	1731
49866	1732
49866	1733
49866	1734
49866	1735
49866	1736
49866	1737
49866	1738
49866	1739
49866	1740
49866	1741
49867	1742
49867	1743
49867	1744
49867	1745
49867	1746
49867	1747
49867	1748
49867	1749
49867	1750
49867	1751
49867	1752
49867	1753
49868	1754
49868	1755
49868	1756
49868	1757
49868	1758
49868	1759
49868	1760
49868	1761
49868	1762
49868	1763
49868	1764
49868	1765
49868	1766
49869	1767
49869	1768
49869	1769
49869	1770
49869	1771
49869	1772
49869	1773
49869	1774
49870	1775
49870	1776
49870	1777
49870	1778
49870	1779
49870	1780
49870	1781
49870	1782
49870	1783
49870	1784
49870	1785
49871	1786
49871	1787
49871	1788
49871	1789
49871	1790
49871	1791
49871	1792
49871	1793
49871	1794
49872	1795
49872	1796
49872	1797
49872	1798
49872	1799
49873	1800
49873	1801
49873	1802
49873	1803
49873	1804
49873	1805
49873	1806
49873	1807
49873	1808
49873	1809
49874	1810
49874	1811
49874	1812
49874	1813
49874	1814
49874	1815
49874	1816
49874	1817
49874	1818
49874	1819
49874	1820
49874	1821
49875	1822
49875	1823
49875	1824
49875	1825
49875	1826
49875	1827
49875	1828
49875	1829
49875	1830
49875	1831
49875	1832
49875	1833
49876	1834
49876	1835
49876	1836
49876	1837
49876	1838
49876	1839
49876	1840
49876	1841
49876	1842
49876	1843
49877	1844
49877	1845
49877	1846
49877	1847
49877	1848
49877	1849
49877	1850
49877	1851
49877	1852
49877	1853
49877	1854
49877	1855
49877	1856
49878	1857
49878	1858
49878	1859
49878	1860
49878	1861
49878	1862
49878	1863
49878	1864
49878	1865
49879	1866
49879	1867
49879	1868
49879	1869
49879	1870
49879	1871
49879	1872
49879	1873
49879	1874
49879	1875
49879	1876
49880	1877
49880	1878
49880	1879
49880	1880
49880	1881
49880	1882
49880	1883
49880	1884
49880	1885
49880	1886
49881	1887
49881	1888
49881	1889
49881	1890
49881	1891
49881	1892
49882	1893
49882	1894
49882	1895
49882	1896
49882	1897
49882	1898
49882	1899
49882	1900
49882	1901
49882	1902
49882	1903
49882	1904
49882	1905
49882	1906
49882	1907
49882	1908
49883	1909
49883	1910
49883	1911
49883	1912
49883	1913
49883	1914
49883	1915
49883	1916
49883	1917
49883	1918
49883	1919
49883	1920
49883	1921
49883	1922
49883	1923
49883	1924
49883	1925
49883	1926
49883	1927
49884	1928
49884	1929
49884	1930
49884	1931
49884	1932
49884	1933
49884	1934
49884	1935
49884	1936
49884	1937
49885	1938
49885	1939
49885	1940
49885	1941
49885	1942
49885	1943
49885	1944
49885	1945
49885	1946
49885	1947
49885	1948
49885	1949
49885	1950
49886	1951
49886	1952
49886	1953
49886	1954
49886	1955
49886	1956
49886	1957
49886	1958
49886	1959
49886	1960
49886	1961
49886	1962
49886	1963
49887	1964
49887	1965
49887	1966
49887	1967
49887	1968
49887	1969
49887	1970
49887	1971
49887	1972
49887	1973
49887	1974
49887	1975
49888	1976
49888	1977
49888	1978
49888	1979
49888	1980
49888	1981
49888	1982
49888	1983
49889	1984
49889	1985
49889	1986
49889	1987
49889	1988
49889	1989
49889	1990
49889	1991
49889	1992
49889	1993
49889	1994
49889	1995
49889	1996
49889	1997
49890	1998
49890	1999
49890	2000
49890	2001
49890	2002
49890	2003
49890	2004
49890	2005
49890	2006
49890	2007
49890	2008
49891	2009
49891	2010
49891	2011
49891	2012
49891	2013
49891	2014
49891	2015
49891	2016
49891	2017
49891	2018
49891	2019
49891	2020
49891	2021
49892	2022
49892	2023
49892	2024
49892	2025
49892	2026
49892	2027
49892	2028
49892	2029
49892	2030
49892	2031
49892	2032
49893	2033
49893	2034
49893	2035
49893	2036
49893	2037
49893	2038
49893	2039
49893	2040
49893	2041
49893	2042
49893	2043
49893	2044
49894	2045
49894	2046
49894	2047
49894	2048
49894	2049
49894	2050
49894	2051
49894	2052
49894	2053
49894	2054
49894	2055
49894	2056
49894	2057
49895	2058
49895	2059
49895	2060
49895	2061
49895	2062
49895	2063
49895	2064
49895	2065
49895	2066
49895	2067
49895	2068
49895	2069
49895	2070
49895	2071
49895	2072
49895	2073
49895	2074
49895	2075
49896	2076
49896	2077
49896	2078
49896	2079
49896	2080
49896	2081
49896	2082
49896	2083
49896	2084
49896	2085
49896	2086
49896	2087
49896	2088
49896	2089
49896	2090
49896	2091
49896	2092
49897	2093
49897	2094
49897	2095
49897	2096
49897	2097
49897	2098
49897	2099
49897	2100
49897	2101
49897	2102
49897	2103
49897	2104
49897	2105
49897	2106
49897	2107
49897	2108
49897	2109
49897	2110
49898	2111
49898	2112
49898	2113
49898	2114
49898	2115
49898	2116
49898	2117
49898	2118
49898	2119
49898	2120
49898	2121
49898	2122
49898	2123
49898	2124
49899	2125
49899	2126
49899	2127
49899	2128
49899	2129
49899	2130
49899	2131
49899	2132
49899	2133
49899	2134
49899	2135
49899	2136
49899	2137
49900	2138
49900	2139
49900	2140
49900	2141
49900	2142
49900	2143
49900	2144
49900	2145
49900	2146
49900	2147
49900	2148
49900	2149
49900	2150
49900	2151
49900	2152
49901	2153
49901	2154
49901	2155
49901	2156
49901	2157
49901	2158
49901	2159
49901	2160
49901	2161
49901	2162
49901	2163
49901	2164
49901	2165
49901	2166
49901	2167
49901	2168
49902	2169
49902	2170
49902	2171
49902	2172
49902	2173
49902	2174
49902	2175
49902	2176
49902	2177
49902	2178
49902	2179
49902	2180
49902	2181
49902	2182
49902	2183
49902	2184
49902	2185
49902	2186
49902	2187
49902	2188
49902	2189
49902	2190
49902	2191
49902	2192
49902	2193
49902	2194
49902	2195
49902	2196
49903	2197
49903	2198
49903	2199
49903	2200
49903	2201
49903	2202
49903	2203
49903	2204
49903	2205
49903	2206
49903	2207
49903	2208
49903	2209
49903	2210
49903	2211
49903	2212
49903	2213
49904	2214
49904	2215
49904	2216
49904	2217
49904	2218
49904	2219
49904	2220
49904	2221
49904	2222
49904	2223
49904	2224
49904	2225
49904	2226
49905	2227
49905	2228
49905	2229
49905	2230
49905	2231
49905	2232
49905	2233
49905	2234
49905	2235
49905	2236
49905	2237
49905	2238
49905	2239
49905	2240
49905	2241
49905	2242
49905	2243
49905	2244
49906	2245
49906	2246
49906	2247
49906	2248
49906	2249
49906	2250
49906	2251
49906	2252
49906	2253
49906	2254
49906	2255
49906	2256
49906	2257
49906	2258
49906	2259
49906	2260
49906	2261
49906	2262
49906	2263
49906	2264
49906	2265
49906	2266
49906	2267
49906	2268
49906	2269
49907	2270
49907	2271
49907	2272
49907	2273
49907	2274
49907	2275
49907	2276
49907	2277
49907	2278
49907	2279
49907	2280
49907	2281
49907	2282
49907	2283
49907	2284
49907	2285
49907	2286
49907	2287
49908	2288
49908	2289
49908	2290
49908	2291
49908	2292
49908	2293
49908	2294
49908	2295
49908	2296
49908	2297
49908	2298
49908	2299
49908	2300
49908	2301
49908	2302
49908	2303
49908	2304
49908	2305
49909	2306
49909	2307
49909	2308
49909	2309
49909	2310
49909	2311
49909	2312
49909	2313
49909	2314
49909	2315
49910	2316
49910	2317
49910	2318
49910	2319
49910	2320
49910	2321
49910	2322
49910	2323
49910	2324
49910	2325
49910	2326
49910	2327
49910	2328
49910	2329
49910	2330
49910	2331
49910	2332
49910	2333
49910	2334
49910	2335
49911	2336
49911	2337
49911	2338
49911	2339
49911	2340
49911	2341
49911	2342
49911	2343
49911	2344
49911	2345
49911	2346
49911	2347
49911	2348
49911	2349
49911	2350
49911	2351
49911	2352
49911	2353
49911	2354
49912	2355
49912	2356
49912	2357
49912	2358
49912	2359
49912	2360
49912	2361
49912	2362
49912	2363
49912	2364
49912	2365
49912	2366
49912	2367
49912	2368
49912	2369
49912	2370
49912	2371
49912	2372
49912	2373
49912	2374
49912	2375
49912	2376
49913	2377
49913	2378
49913	2379
49913	2380
49913	2381
49913	2382
49913	2383
49913	2384
49913	2385
49913	2386
49913	2387
49913	2388
49913	2389
49913	2390
49913	2391
49913	2392
49913	2393
49914	2394
49914	2395
49914	2396
49914	2397
49914	2398
49914	2399
49914	2400
49914	2401
49914	2402
49914	2403
49914	2404
49914	2405
49914	2406
49914	2407
49914	2408
49914	2409
49914	2410
49914	2411
49914	2412
49914	2413
49914	2414
49914	2415
49914	2416
49914	2417
49914	2418
49914	2419
49914	2420
49914	2421
49915	2422
49915	2423
49915	2424
49915	2425
49915	2426
49915	2427
49915	2428
49915	2429
49915	2430
49915	2431
49915	2432
49915	2433
49915	2434
49915	2435
49915	2436
49915	2437
49915	2438
49915	2439
49915	2440
49916	2441
49916	2442
49916	2443
49916	2444
49916	2445
49916	2446
49916	2447
49916	2448
49916	2449
49916	2450
49916	2451
49916	2452
49916	2453
49916	2454
49916	2455
49916	2456
49916	2457
49916	2458
49916	2459
49917	2460
49917	2461
49917	2462
49917	2463
49917	2464
49917	2465
49917	2466
49917	2467
49917	2468
49917	2469
49917	2470
49917	2471
49917	2472
49917	2473
49917	2474
49917	2475
49917	2476
49917	2477
49917	2478
49917	2479
49917	2480
49917	2481
49917	2482
49917	2483
49917	2484
49917	2485
49917	2486
49918	2487
49918	2488
49918	2489
49918	2490
49918	2491
49918	2492
49918	2493
49918	2494
49918	2495
49918	2496
49918	2497
49918	2498
49918	2499
49918	2500
49918	2501
49918	2502
49918	2503
49918	2504
49918	2505
49918	2506
49918	2507
49918	2508
49918	2509
49918	2510
49918	2511
49918	2512
49918	2513
49918	2514
49919	2515
49919	2516
49919	2517
49919	2518
49919	2519
49919	2520
49919	2521
49919	2522
49919	2523
49919	2524
49919	2525
49919	2526
49919	2527
49919	2528
49919	2529
49919	2530
49919	2531
49919	2532
49919	2533
49919	2534
49919	2535
49919	2536
49919	2537
49919	2538
49919	2539
49919	2540
49919	2541
49919	2542
49919	2543
49919	2544
49919	2545
49919	2546
49919	2547
49919	2548
49920	2549
49920	2550
49920	2551
49920	2552
49920	2553
49920	2554
49920	2555
49920	2556
49920	2557
49920	2558
49920	2559
49920	2560
49920	2561
49920	2562
49920	2563
49920	2564
49920	2565
49920	2566
49920	2567
49920	2568
49920	2569
49920	2570
49920	2571
49920	2572
49920	2573
49920	2574
49921	2575
49921	2576
49921	2577
49921	2578
49921	2579
49921	2580
49921	2581
49921	2582
49921	2583
49921	2584
49921	2585
49921	2586
49921	2587
49921	2588
49921	2589
49921	2590
49921	2591
49921	2592
49921	2593
49921	2594
49921	2595
49921	2596
49921	2597
49922	2598
49922	2599
49922	2600
49922	2601
49922	2602
49922	2603
49922	2604
49922	2605
49922	2606
49922	2607
49922	2608
49922	2609
49922	2610
49922	2611
49922	2612
49922	2613
49922	2614
49922	2615
49922	2616
49922	2617
49922	2618
49922	2619
49922	2620
49922	2621
49922	2622
49922	2623
49923	2624
49923	2625
49923	2626
49923	2627
49923	2628
49923	2629
49923	2630
49923	2631
49923	2632
49923	2633
49923	2634
49923	2635
49923	2636
49923	2637
49923	2638
49923	2639
49923	2640
49923	2641
49923	2642
49923	2643
49923	2644
49923	2645
49923	2646
49923	2647
49923	2648
49923	2649
49923	2650
49923	2651
49923	2652
49923	2653
49923	2654
49923	2655
49923	2656
49923	2657
49923	2658
49923	2659
49923	2660
49924	2661
49924	2662
49924	2663
49924	2664
49924	2665
49924	2666
49924	2667
49924	2668
49924	2669
49924	2670
49924	2671
49924	2672
49924	2673
49924	2674
49924	2675
49924	2676
49924	2677
49924	2678
49924	2679
49924	2680
49924	2681
49924	2682
49924	2683
49924	2684
49924	2685
49924	2686
49924	2687
49924	2688
49924	2689
49924	2690
49924	2691
49924	2692
49924	2693
49924	2694
49924	2695
49925	2696
49925	2697
49925	2698
49925	2699
49925	2700
49925	2701
49925	2702
49925	2703
49925	2704
49925	2705
49925	2706
49925	2707
49925	2708
49925	2709
49925	2710
49925	2711
49925	2712
49925	2713
49925	2714
49925	2715
49925	2716
49925	2717
49925	2718
49925	2719
49925	2720
49925	2721
49925	2722
49925	2723
49925	2724
49925	2725
49925	2726
49925	2727
49925	2728
49925	2729
49925	2730
49925	2731
49926	2732
49926	2733
49926	2734
49926	2735
49926	2736
49926	2737
49926	2738
49926	2739
49926	2740
49926	2741
49926	2742
49926	2743
49926	2744
49926	2745
49926	2746
49926	2747
49926	2748
49926	2749
49926	2750
49926	2751
49926	2752
49926	2753
49926	2754
49926	2755
49926	2756
49926	2757
49926	2758
49926	2759
49926	2760
49926	2761
49926	2762
49926	2763
49926	2764
49926	2765
49926	2766
49926	2767
49926	2768
49926	2769
49926	2770
49926	2771
49926	2772
49926	2773
49926	2774
49926	2775
49927	2776
49927	2777
49927	2778
49927	2779
49927	2780
49927	2781
49927	2782
49927	2783
49927	2784
49927	2785
49927	2786
49927	2787
49927	2788
49927	2789
49927	2790
49927	2791
49927	2792
49927	2793
49927	2794
49927	2795
49927	2796
49927	2797
49927	2798
49927	2799
49927	2800
49927	2801
49927	2802
49927	2803
49927	2804
49927	2805
49927	2806
49927	2807
49927	2808
49927	2809
49927	2810
49928	2811
49928	2812
49928	2813
49928	2814
49928	2815
49928	2816
49928	2817
49928	2818
49928	2819
49928	2820
49928	2821
49928	2822
49928	2823
49928	2824
49928	2825
49928	2826
49928	2827
49928	2828
49928	2829
49928	2830
49928	2831
49928	2832
49928	2833
49928	2834
49928	2835
49928	2836
49928	2837
49928	2838
49928	2839
49928	2840
49928	2841
49928	2842
49928	2843
49928	2844
49928	2845
49928	2846
49928	2847
49928	2848
49928	2849
49928	2850
49929	2851
49929	2852
49929	2853
49929	2854
49929	2855
49929	2856
49929	2857
49929	2858
49929	2859
49929	2860
49929	2861
49929	2862
49929	2863
49929	2864
49929	2865
49929	2866
49929	2867
49929	2868
49929	2869
49929	2870
49929	2871
49929	2872
49929	2873
49929	2874
49929	2875
49929	2876
49929	2877
49929	2878
49929	2879
49929	2880
49929	2881
49929	2882
49929	2883
49929	2884
49929	2885
49929	2886
49929	2887
49929	2888
49929	2889
49929	2890
49929	2891
49929	2892
49929	2893
49929	2894
49929	2895
49930	2896
49930	2897
49930	2898
49930	2899
49930	2900
49930	2901
49930	2902
49930	2903
49930	2904
49930	2905
49930	2906
49930	2907
49930	2908
49930	2909
49930	2910
49930	2911
49930	2912
49930	2913
49930	2914
49930	2915
49930	2916
49930	2917
49930	2918
49930	2919
49930	2920
49930	2921
49930	2922
49930	2923
49930	2924
49930	2925
49930	2926
49930	2927
49930	2928
49930	2929
49930	2930
49930	2931
49930	2932
49930	2933
49930	2934
49930	2935
49931	2936
49931	2937
49931	2938
49931	2939
49931	2940
49931	2941
49931	2942
49931	2943
49931	2944
49931	2945
49931	2946
49931	2947
49931	2948
49931	2949
49931	2950
49931	2951
49931	2952
49931	2953
49931	2954
49931	2955
49931	2956
49931	2957
49931	2958
49931	2959
49931	2960
49931	2961
49931	2962
49931	2963
49931	2964
49931	2965
49931	2966
49931	2967
49931	2968
49931	2969
49931	2970
49931	2971
49931	2972
49931	2973
49931	2974
49931	2975
49931	2976
49931	2977
49931	2978
49931	2979
49931	2980
49931	2981
49931	2982
49931	2983
49931	2984
49931	2985
49931	2986
49931	2987
49931	2988
49931	2989
49931	2990
49931	2991
49931	2992
49931	2993
49931	2994
49931	2995
49932	2996
49932	2997
49932	2998
49932	2999
49932	3000
49932	3001
49932	3002
49932	3003
49932	3004
49932	3005
49932	3006
49932	3007
49932	3008
49932	3009
49932	3010
49932	3011
49932	3012
49932	3013
49932	3014
49932	3015
49932	3016
49932	3017
49932	3018
49932	3019
49932	3020
49932	3021
49932	3022
49932	3023
49932	3024
49932	3025
49932	3026
49932	3027
49932	3028
49932	3029
49932	3030
49932	3031
49932	3032
49932	3033
49932	3034
49932	3035
49932	3036
49932	3037
49932	3038
49932	3039
49932	3040
49932	3041
49932	3042
49932	3043
49932	3044
49932	3045
49932	3046
49932	3047
49932	3048
49932	3049
49933	3050
49933	3051
49933	3052
49933	3053
49933	3054
49933	3055
49933	3056
49933	3057
49933	3058
49933	3059
49933	3060
49933	3061
49933	3062
49933	3063
49933	3064
49933	3065
49933	3066
49933	3067
49933	3068
49933	3069
49933	3070
49933	3071
49933	3072
49933	3073
49933	3074
49933	3075
49933	3076
49933	3077
49933	3078
49933	3079
49933	3080
49933	3081
49933	3082
49933	3083
49933	3084
49933	3085
49933	3086
49933	3087
49933	3088
49933	3089
49933	3090
49933	3091
49933	3092
49933	3093
49933	3094
49933	3095
49933	3096
49933	3097
49933	3098
49933	3099
49933	3100
49933	3101
49933	3102
49933	3103
49933	3104
49933	3105
49934	3106
49934	3107
49934	3108
49934	3109
49934	3110
49934	3111
49934	3112
49934	3113
49934	3114
49934	3115
49934	3116
49934	3117
49934	3118
49934	3119
49934	3120
49934	3121
49934	3122
49934	3123
49934	3124
49934	3125
49934	3126
49934	3127
49934	3128
49934	3129
49934	3130
49934	3131
49934	3132
49934	3133
49934	3134
49934	3135
49934	3136
49934	3137
49934	3138
49934	3139
49934	3140
49934	3141
49934	3142
49934	3143
49934	3144
49934	3145
49934	3146
49934	3147
49934	3148
49934	3149
49934	3150
49934	3151
49934	3152
49934	3153
49934	3154
49934	3155
49934	3156
49934	3157
49934	3158
49934	3159
49934	3160
49934	3161
49934	3162
49934	3163
49934	3164
49934	3165
49934	3166
49934	3167
49934	3168
49934	3169
49934	3170
49934	3171
49934	3172
49934	3173
49934	3174
49934	3175
49934	3176
49935	3177
49935	3178
49935	3179
49935	3180
49935	3181
49935	3182
49935	3183
49935	3184
49935	3185
49935	3186
49935	3187
49935	3188
49935	3189
49935	3190
49935	3191
49935	3192
49935	3193
49935	3194
49935	3195
49935	3196
49935	3197
49935	3198
49935	3199
49935	3200
49935	3201
49935	3202
49935	3203
49935	3204
49935	3205
49935	3206
49935	3207
49935	3208
49935	3209
49935	3210
49935	3211
49935	3212
49935	3213
49935	3214
49935	3215
49935	3216
49935	3217
49935	3218
49935	3219
49935	3220
49935	3221
49935	3222
49935	3223
49935	3224
49935	3225
49935	3226
49935	3227
49935	3228
49935	3229
49935	3230
49935	3231
49935	3232
49935	3233
49935	3234
49935	3235
49935	3236
49935	3237
49935	3238
49935	3239
49936	3240
49936	3241
49936	3242
49936	3243
49936	3244
49936	3245
49936	3246
49936	3247
49936	3248
49936	3249
49936	3250
49936	3251
49936	3252
49936	3253
49936	3254
49936	3255
49936	3256
49936	3257
49936	3258
49936	3259
49936	3260
49936	3261
49936	3262
49936	3263
49936	3264
49936	3265
49936	3266
49936	3267
49936	3268
49936	3269
49936	3270
49936	3271
49936	3272
49936	3273
49936	3274
49936	3275
49936	3276
49936	3277
49936	3278
49936	3279
49936	3280
49936	3281
49936	3282
49936	3283
49936	3284
49937	3285
49937	3286
49937	3287
49937	3288
49937	3289
49937	3290
49937	3291
49937	3292
49937	3293
49937	3294
49937	3295
49937	3296
49937	3297
49937	3298
49937	3299
49937	3300
49937	3301
49937	3302
49937	3303
49937	3304
49937	3305
49937	3306
49937	3307
49937	3308
49937	3309
49937	3310
49937	3311
49937	3312
49937	3313
49937	3314
49937	3315
49937	3316
49937	3317
49937	3318
49937	3319
49937	3320
49937	3321
49937	3322
49937	3323
49937	3324
49937	3325
49937	3326
49937	3327
49937	3328
49937	3329
49937	3330
49937	3331
49937	3332
49937	3333
49937	3334
49937	3335
49937	3336
49937	3337
49937	3338
49937	3339
49937	3340
49937	3341
49937	3342
49937	3343
49937	3344
49937	3345
49937	3346
49937	3347
49937	3348
49937	3349
49937	3350
49937	3351
49937	3352
49937	3353
49937	3354
49937	3355
49938	3356
49938	3357
49938	3358
49938	3359
49938	3360
49938	3361
49938	3362
49938	3363
49938	3364
49938	3365
49938	3366
49938	3367
49938	3368
49938	3369
49938	3370
49938	3371
49938	3372
49938	3373
49938	3374
49938	3375
49938	3376
49938	3377
49938	3378
49938	3379
49938	3380
49938	3381
49938	3382
49938	3383
49938	3384
49938	3385
49938	3386
49938	3387
49938	3388
49938	3389
49938	3390
49938	3391
49938	3392
49938	3393
49938	3394
49938	3395
49938	3396
49938	3397
49938	3398
49938	3399
49938	3400
49938	3401
49938	3402
49938	3403
49938	3404
49938	3405
49938	3406
49938	3407
49938	3408
49938	3409
49938	3410
49938	3411
49938	3412
49938	3413
49938	3414
49938	3415
49938	3416
49938	3417
49938	3418
49938	3419
49938	3420
49939	3421
49939	3422
49939	3423
49939	3424
49939	3425
49939	3426
49939	3427
49939	3428
49939	3429
49939	3430
49939	3431
49939	3432
49939	3433
49939	3434
49939	3435
49939	3436
49939	3437
49939	3438
49939	3439
49939	3440
49939	3441
49939	3442
49939	3443
49939	3444
49939	3445
49939	3446
49939	3447
49939	3448
49939	3449
49939	3450
49939	3451
49939	3452
49939	3453
49939	3454
49939	3455
49939	3456
49939	3457
49939	3458
49939	3459
49939	3460
49939	3461
49939	3462
49939	3463
49939	3464
49939	3465
49939	3466
49939	3467
49939	3468
49939	3469
49939	3470
49939	3471
49939	3472
49939	3473
49939	3474
49939	3475
49939	3476
49939	3477
49939	3478
49939	3479
49939	3480
49939	3481
49939	3482
49939	3483
49939	3484
49939	3485
49939	3486
49939	3487
49939	3488
49939	3489
49939	3490
49939	3491
49939	3492
49939	3493
49939	3494
49939	3495
49939	3496
49939	3497
49940	3498
49940	3499
49940	3500
49940	3501
49940	3502
49940	3503
49940	3504
49940	3505
49940	3506
49940	3507
49940	3508
49940	3509
49940	3510
49940	3511
49940	3512
49940	3513
49940	3514
49940	3515
49940	3516
49940	3517
49940	3518
49940	3519
49940	3520
49940	3521
49940	3522
49940	3523
49940	3524
49940	3525
49940	3526
49940	3527
49940	3528
49940	3529
49940	3530
49940	3531
49940	3532
49940	3533
49940	3534
49940	3535
49940	3536
49940	3537
49940	3538
49940	3539
49940	3540
49940	3541
49940	3542
49940	3543
49940	3544
49940	3545
49940	3546
49940	3547
49940	3548
49940	3549
49940	3550
49940	3551
49940	3552
49940	3553
49940	3554
49940	3555
49940	3556
49940	3557
49940	3558
49940	3559
49940	3560
49940	3561
49940	3562
49940	3563
49940	3564
49941	3565
49941	3566
49941	3567
49941	3568
49941	3569
49941	3570
49941	3571
49941	3572
49941	3573
49941	3574
49941	3575
49941	3576
49941	3577
49941	3578
49941	3579
49941	3580
49941	3581
49941	3582
49941	3583
49941	3584
49941	3585
49941	3586
49941	3587
49941	3588
49941	3589
49941	3590
49941	3591
49941	3592
49941	3593
49941	3594
49941	3595
49941	3596
49941	3597
49941	3598
49941	3599
49941	3600
49941	3601
49941	3602
49941	3603
49941	3604
49941	3605
49941	3606
49941	3607
49941	3608
49941	3609
49941	3610
49941	3611
49941	3612
49941	3613
49941	3614
49941	3615
49941	3616
49941	3617
49941	3618
49941	3619
49941	3620
49941	3621
49941	3622
49941	3623
49941	3624
49941	3625
49941	3626
49941	3627
49941	3628
49941	3629
49941	3630
49941	3631
49941	3632
49941	3633
49941	3634
49941	3635
49941	3636
49941	3637
49941	3638
49941	3639
49941	3640
49941	3641
49941	3642
49942	3643
49942	3644
49942	3645
49942	3646
49942	3647
49942	3648
49942	3649
49942	3650
49942	3651
49942	3652
49942	3653
49942	3654
49942	3655
49942	3656
49942	3657
49942	3658
49942	3659
49942	3660
49942	3661
49942	3662
49942	3663
49942	3664
49942	3665
49942	3666
49942	3667
49942	3668
49942	3669
49942	3670
49942	3671
49942	3672
49942	3673
49942	3674
49942	3675
49942	3676
49942	3677
49942	3678
49942	3679
49942	3680
49942	3681
49942	3682
49942	3683
49942	3684
49942	3685
49942	3686
49942	3687
49942	3688
49942	3689
49942	3690
49942	3691
49942	3692
49942	3693
49942	3694
49942	3695
49942	3696
49942	3697
49942	3698
49942	3699
49942	3700
49942	3701
49942	3702
49942	3703
49942	3704
49942	3705
49942	3706
49942	3707
49942	3708
49942	3709
49942	3710
49942	3711
49942	3712
49942	3713
49942	3714
49942	3715
49942	3716
49942	3717
49942	3718
49942	3719
49942	3720
49942	3721
49942	3722
49942	3723
49942	3724
49942	3725
49942	3726
49942	3727
49942	3728
49942	3729
49942	3730
49943	3731
49943	3732
49943	3733
49943	3734
49943	3735
49943	3736
49943	3737
49943	3738
49943	3739
49943	3740
49943	3741
49943	3742
49943	3743
49943	3744
49943	3745
49943	3746
49943	3747
49943	3748
49943	3749
49943	3750
49943	3751
49943	3752
49943	3753
49943	3754
49943	3755
49943	3756
49943	3757
49943	3758
49943	3759
49943	3760
49943	3761
49943	3762
49943	3763
49943	3764
49943	3765
49943	3766
49943	3767
49943	3768
49943	3769
49943	3770
49943	3771
49943	3772
49943	3773
49943	3774
49943	3775
49943	3776
49943	3777
49943	3778
49943	3779
49943	3780
49943	3781
49943	3782
49943	3783
49943	3784
49943	3785
49943	3786
49943	3787
49943	3788
49943	3789
49943	3790
49943	3791
49943	3792
49943	3793
49943	3794
49943	3795
49943	3796
49943	3797
49943	3798
49943	3799
49943	3800
49943	3801
49943	3802
49943	3803
49943	3804
49943	3805
49943	3806
49943	3807
49943	3808
49944	3809
49944	3810
49944	3811
49944	3812
49944	3813
49944	3814
49944	3815
49944	3816
49944	3817
49944	3818
49944	3819
49944	3820
49944	3821
49944	3822
49944	3823
49944	3824
49944	3825
49944	3826
49944	3827
49944	3828
49944	3829
49944	3830
49944	3831
49944	3832
49944	3833
49944	3834
49944	3835
49944	3836
49944	3837
49944	3838
49944	3839
49944	3840
49944	3841
49944	3842
49944	3843
49944	3844
49944	3845
49944	3846
49944	3847
49944	3848
49944	3849
49944	3850
49944	3851
49944	3852
49944	3853
49944	3854
49944	3855
49944	3856
49944	3857
49944	3858
49944	3859
49944	3860
49944	3861
49944	3862
49944	3863
49944	3864
49944	3865
49944	3866
49944	3867
49944	3868
49944	3869
49944	3870
49944	3871
49944	3872
49944	3873
49944	3874
49944	3875
49944	3876
49944	3877
49945	3878
49945	3879
49945	3880
49945	3881
49945	3882
49945	3883
49945	3884
49945	3885
49945	3886
49945	3887
49945	3888
49945	3889
49945	3890
49945	3891
49945	3892
49945	3893
49945	3894
49945	3895
49945	3896
49945	3897
49945	3898
49945	3899
49945	3900
49945	3901
49945	3902
49945	3903
49945	3904
49945	3905
49945	3906
49945	3907
49945	3908
49945	3909
49945	3910
49945	3911
49945	3912
49945	3913
49945	3914
49945	3915
49945	3916
49945	3917
49945	3918
49945	3919
49945	3920
49945	3921
49945	3922
49945	3923
49945	3924
49945	3925
49945	3926
49945	3927
49945	3928
49945	3929
49945	3930
49945	3931
49945	3932
49945	3933
49945	3934
49945	3935
49945	3936
49945	3937
49945	3938
49945	3939
49945	3940
49945	3941
49945	3942
49945	3943
49945	3944
49945	3945
49945	3946
49945	3947
49945	3948
49945	3949
49945	3950
49946	3951
49946	3952
49946	3953
49946	3954
49946	3955
49946	3956
49946	3957
49946	3958
49946	3959
49946	3960
49946	3961
49946	3962
49946	3963
49946	3964
49946	3965
49946	3966
49946	3967
49946	3968
49946	3969
49946	3970
49946	3971
49946	3972
49946	3973
49946	3974
49946	3975
49946	3976
49946	3977
49946	3978
49946	3979
49946	3980
49946	3981
49946	3982
49946	3983
49946	3984
49946	3985
49946	3986
49946	3987
49946	3988
49946	3989
49946	3990
49946	3991
49946	3992
49946	3993
49946	3994
49946	3995
49946	3996
49946	3997
49946	3998
49946	3999
49946	4000
49946	4001
49946	4002
49946	4003
49946	4004
49946	4005
49946	4006
49946	4007
49946	4008
49946	4009
49946	4010
49946	4011
49946	4012
49946	4013
49946	4014
49946	4015
49946	4016
49946	4017
49946	4018
49946	4019
49946	4020
49946	4021
49946	4022
49946	4023
49946	4024
49946	4025
49946	4026
49946	4027
49946	4028
49946	4029
49946	4030
49946	4031
49946	4032
49947	4033
49947	4034
49947	4035
49947	4036
49947	4037
49947	4038
49947	4039
49947	4040
49947	4041
49947	4042
49947	4043
49947	4044
49947	4045
49947	4046
49947	4047
49947	4048
49947	4049
49947	4050
49947	4051
49947	4052
49947	4053
49947	4054
49947	4055
49947	4056
49947	4057
49947	4058
49947	4059
49947	4060
49947	4061
49947	4062
49947	4063
49947	4064
49947	4065
49947	4066
49947	4067
49947	4068
49947	4069
49947	4070
49947	4071
49947	4072
49947	4073
49947	4074
49947	4075
49947	4076
49947	4077
49947	4078
49947	4079
49947	4080
49947	4081
49947	4082
49947	4083
49947	4084
49947	4085
49947	4086
49947	4087
49947	4088
49947	4089
49947	4090
49947	4091
49947	4092
49947	4093
49947	4094
49947	4095
49947	4096
49947	4097
49947	4098
49947	4099
49947	4100
49947	4101
49947	4102
49947	4103
49947	4104
49947	4105
49947	4106
49947	4107
49947	4108
49947	4109
49947	4110
49947	4111
49947	4112
49947	4113
49947	4114
49947	4115
49948	4116
49948	4117
49948	4118
49948	4119
49948	4120
49948	4121
49948	4122
49948	4123
49948	4124
49948	4125
49948	4126
49948	4127
49948	4128
49948	4129
49948	4130
49948	4131
49948	4132
49948	4133
49948	4134
49948	4135
49948	4136
49948	4137
49948	4138
49948	4139
49948	4140
49948	4141
49948	4142
49948	4143
49948	4144
49948	4145
49948	4146
49948	4147
49948	4148
49948	4149
49948	4150
49948	4151
49948	4152
49948	4153
49948	4154
49948	4155
49948	4156
49948	4157
49948	4158
49948	4159
49948	4160
49948	4161
49948	4162
49948	4163
49948	4164
49948	4165
49948	4166
49948	4167
49948	4168
49948	4169
49948	4170
49948	4171
49948	4172
49948	4173
49948	4174
49948	4175
49948	4176
49948	4177
49948	4178
49948	4179
49948	4180
49948	4181
49948	4182
49948	4183
49948	4184
49948	4185
49948	4186
49948	4187
49948	4188
49948	4189
49948	4190
49948	4191
49948	4192
49948	4193
49948	4194
49948	4195
49948	4196
49948	4197
49948	4198
49948	4199
49949	4200
49949	4201
49949	4202
49949	4203
49949	4204
49949	4205
49949	4206
49949	4207
49949	4208
49949	4209
49949	4210
49949	4211
49949	4212
49949	4213
49949	4214
49949	4215
49949	4216
49949	4217
49949	4218
49949	4219
49949	4220
49949	4221
49949	4222
49949	4223
49949	4224
49949	4225
49949	4226
49949	4227
49949	4228
49949	4229
49949	4230
49949	4231
49949	4232
49949	4233
49949	4234
49949	4235
49949	4236
49949	4237
49949	4238
49949	4239
49949	4240
49949	4241
49949	4242
49949	4243
49949	4244
49949	4245
49949	4246
49949	4247
49949	4248
49949	4249
49949	4250
49949	4251
49949	4252
49949	4253
49949	4254
49949	4255
49949	4256
49949	4257
49949	4258
49949	4259
49949	4260
49949	4261
49949	4262
49949	4263
49949	4264
49949	4265
49949	4266
49949	4267
49949	4268
49949	4269
49949	4270
49949	4271
49949	4272
49949	4273
49949	4274
49949	4275
49949	4276
49949	4277
49949	4278
49949	4279
49949	4280
49949	4281
49949	4282
49949	4283
49949	4284
49949	4285
49949	4286
49949	4287
49949	4288
49949	4289
49949	4290
49949	4291
49949	4292
49949	4293
49949	4294
49949	4295
49949	4296
49949	4297
49949	4298
49949	4299
49949	4300
49950	4301
49950	4302
49950	4303
49950	4304
49950	4305
49950	4306
49950	4307
49950	4308
49950	4309
49950	4310
49950	4311
49950	4312
49950	4313
49950	4314
49950	4315
49950	4316
49950	4317
49950	4318
49950	4319
49950	4320
49950	4321
49950	4322
49950	4323
49950	4324
49950	4325
49950	4326
49950	4327
49950	4328
49950	4329
49950	4330
49950	4331
49950	4332
49950	4333
49950	4334
49950	4335
49950	4336
49950	4337
49950	4338
49950	4339
49950	4340
49950	4341
49950	4342
49950	4343
49950	4344
49950	4345
49950	4346
49950	4347
49950	4348
49950	4349
49950	4350
49950	4351
49950	4352
49950	4353
49950	4354
49950	4355
49950	4356
49950	4357
49950	4358
49950	4359
49950	4360
49950	4361
49950	4362
49950	4363
49950	4364
49950	4365
49950	4366
49950	4367
49950	4368
49950	4369
49950	4370
49950	4371
49950	4372
49950	4373
49950	4374
49950	4375
49950	4376
49950	4377
49950	4378
49950	4379
49950	4380
49950	4381
49950	4382
49950	4383
49950	4384
49950	4385
49950	4386
49950	4387
49950	4388
49950	4389
49950	4390
49950	4391
49950	4392
49950	4393
49950	4394
49950	4395
49950	4396
49950	4397
49950	4398
49950	4399
49950	4400
49950	4401
49950	4402
49950	4403
49950	4404
49950	4405
49951	4406
49951	4407
49951	4408
49951	4409
49951	4410
49951	4411
49951	4412
49951	4413
49951	4414
49951	4415
49951	4416
49951	4417
49951	4418
49951	4419
49951	4420
49951	4421
49951	4422
49951	4423
49951	4424
49951	4425
49951	4426
49951	4427
49951	4428
49951	4429
49951	4430
49951	4431
49951	4432
49951	4433
49951	4434
49951	4435
49951	4436
49951	4437
49951	4438
49951	4439
49951	4440
49951	4441
49951	4442
49951	4443
49951	4444
49951	4445
49951	4446
49951	4447
49951	4448
49951	4449
49951	4450
49951	4451
49951	4452
49951	4453
49951	4454
49951	4455
49951	4456
49951	4457
49951	4458
49951	4459
49951	4460
49951	4461
49951	4462
49951	4463
49951	4464
49951	4465
49951	4466
49951	4467
49951	4468
49951	4469
49951	4470
49951	4471
49951	4472
49951	4473
49951	4474
49951	4475
49951	4476
49951	4477
49951	4478
49951	4479
49951	4480
49951	4481
49951	4482
49951	4483
49951	4484
49951	4485
49951	4486
49951	4487
49951	4488
49951	4489
49951	4490
49951	4491
49951	4492
49951	4493
49951	4494
49951	4495
49951	4496
49951	4497
49951	4498
49951	4499
49951	4500
49951	4501
49952	4502
49952	4503
49952	4504
49952	4505
49952	4506
49952	4507
49952	4508
49952	4509
49952	4510
49952	4511
49952	4512
49952	4513
49952	4514
49952	4515
49952	4516
49952	4517
49952	4518
49952	4519
49952	4520
49952	4521
49952	4522
49952	4523
49952	4524
49952	4525
49952	4526
49952	4527
49952	4528
49952	4529
49952	4530
49952	4531
49952	4532
49952	4533
49952	4534
49952	4535
49952	4536
49952	4537
49952	4538
49952	4539
49952	4540
49952	4541
49952	4542
49952	4543
49952	4544
49952	4545
49952	4546
49952	4547
49952	4548
49952	4549
49952	4550
49952	4551
49952	4552
49952	4553
49952	4554
49952	4555
49952	4556
49952	4557
49952	4558
49952	4559
49952	4560
49952	4561
49952	4562
49952	4563
49952	4564
49952	4565
49952	4566
49952	4567
49952	4568
49952	4569
49952	4570
49952	4571
49952	4572
49952	4573
49952	4574
49952	4575
49952	4576
49952	4577
49952	4578
49952	4579
49952	4580
49952	4581
49952	4582
49952	4583
49952	4584
49952	4585
49952	4586
49952	4587
49952	4588
49952	4589
49952	4590
49952	4591
49952	4592
49952	4593
49953	4594
49953	4595
49953	4596
49953	4597
49953	4598
49953	4599
49953	4600
49953	4601
49953	4602
49953	4603
49953	4604
49953	4605
49953	4606
49953	4607
49953	4608
49953	4609
49953	4610
49953	4611
49953	4612
49953	4613
49953	4614
49953	4615
49953	4616
49953	4617
49953	4618
49953	4619
49953	4620
49953	4621
49953	4622
49953	4623
49953	4624
49953	4625
49953	4626
49953	4627
49953	4628
49953	4629
49953	4630
49953	4631
49953	4632
49953	4633
49953	4634
49953	4635
49953	4636
49953	4637
49953	4638
49953	4639
49953	4640
49953	4641
49953	4642
49953	4643
49953	4644
49953	4645
49953	4646
49953	4647
49953	4648
49953	4649
49953	4650
49953	4651
49953	4652
49953	4653
49953	4654
49953	4655
49953	4656
49953	4657
49953	4658
49953	4659
49953	4660
49953	4661
49953	4662
49953	4663
49953	4664
49953	4665
49953	4666
49953	4667
49953	4668
49953	4669
49953	4670
49953	4671
49953	4672
49953	4673
49953	4674
49953	4675
49953	4676
49953	4677
49953	4678
49953	4679
49953	4680
49953	4681
49953	4682
49953	4683
49953	4684
49953	4685
49953	4686
49953	4687
49953	4688
49953	4689
49953	4690
49953	4691
49953	4692
49953	4693
49953	4694
49954	4695
49954	4696
49954	4697
49954	4698
49954	4699
49954	4700
49954	4701
49954	4702
49954	4703
49954	4704
49954	4705
49954	4706
49954	4707
49954	4708
49954	4709
49954	4710
49954	4711
49954	4712
49954	4713
49954	4714
49954	4715
49954	4716
49954	4717
49954	4718
49954	4719
49954	4720
49954	4721
49954	4722
49954	4723
49954	4724
49954	4725
49954	4726
49954	4727
49954	4728
49954	4729
49954	4730
49954	4731
49954	4732
49954	4733
49954	4734
49954	4735
49954	4736
49954	4737
49954	4738
49954	4739
49954	4740
49954	4741
49954	4742
49954	4743
49954	4744
49954	4745
49954	4746
49954	4747
49954	4748
49954	4749
49954	4750
49954	4751
49954	4752
49954	4753
49954	4754
49954	4755
49954	4756
49954	4757
49954	4758
49954	4759
49954	4760
49954	4761
49954	4762
49954	4763
49954	4764
49954	4765
49954	4766
49954	4767
49954	4768
49954	4769
49954	4770
49954	4771
49954	4772
49954	4773
49954	4774
49954	4775
49954	4776
49955	4777
49955	4778
49955	4779
49955	4780
49955	4781
49955	4782
49955	4783
49955	4784
49955	4785
49955	4786
49955	4787
49955	4788
49955	4789
49955	4790
49955	4791
49955	4792
49955	4793
49955	4794
49955	4795
49955	4796
49955	4797
49955	4798
49955	4799
49955	4800
49955	4801
49955	4802
49955	4803
49955	4804
49955	4805
49955	4806
49955	4807
49955	4808
49955	4809
49955	4810
49955	4811
49955	4812
49955	4813
49955	4814
49955	4815
49955	4816
49955	4817
49955	4818
49955	4819
49955	4820
49955	4821
49955	4822
49955	4823
49955	4824
49955	4825
49955	4826
49955	4827
49955	4828
49955	4829
49955	4830
49955	4831
49955	4832
49955	4833
49955	4834
49955	4835
49955	4836
49955	4837
49955	4838
49955	4839
49955	4840
49955	4841
49955	4842
49955	4843
49955	4844
49955	4845
49955	4846
49955	4847
49955	4848
49955	4849
49955	4850
49955	4851
49955	4852
49955	4853
49955	4854
49955	4855
49955	4856
49955	4857
49955	4858
49955	4859
49955	4860
49955	4861
49955	4862
49955	4863
49955	4864
49956	4865
49956	4866
49956	4867
49956	4868
49956	4869
49956	4870
49956	4871
49956	4872
49956	4873
49956	4874
49956	4875
49956	4876
49956	4877
49956	4878
49956	4879
49956	4880
49956	4881
49956	4882
49956	4883
49956	4884
49956	4885
49956	4886
49956	4887
49956	4888
49956	4889
49956	4890
49956	4891
49956	4892
49956	4893
49956	4894
49956	4895
49956	4896
49956	4897
49956	4898
49956	4899
49956	4900
49956	4901
49956	4902
49956	4903
49956	4904
49956	4905
49956	4906
49956	4907
49956	4908
49956	4909
49956	4910
49956	4911
49956	4912
49956	4913
49956	4914
49956	4915
49956	4916
49956	4917
49956	4918
49956	4919
49956	4920
49956	4921
49956	4922
49956	4923
49956	4924
49956	4925
49956	4926
49956	4927
49956	4928
49956	4929
49956	4930
49956	4931
49956	4932
49956	4933
49956	4934
49956	4935
49956	4936
49956	4937
49956	4938
49956	4939
49956	4940
49956	4941
49956	4942
49956	4943
49956	4944
49956	4945
49956	4946
49956	4947
49956	4948
49956	4949
49956	4950
49956	4951
49956	4952
49956	4953
49956	4954
49956	4955
49956	4956
49956	4957
49956	4958
49956	4959
49956	4960
49957	4961
49957	4962
49957	4963
49957	4964
49957	4965
49957	4966
49957	4967
49957	4968
49957	4969
49957	4970
49957	4971
49957	4972
49957	4973
49957	4974
49957	4975
49957	4976
49957	4977
49957	4978
49957	4979
49957	4980
49957	4981
49957	4982
49957	4983
49957	4984
49957	4985
49957	4986
49957	4987
49957	4988
49957	4989
49957	4990
49957	4991
49957	4992
49957	4993
49957	4994
49957	4995
49957	4996
49957	4997
49957	4998
49957	4999
49957	5000
49957	5001
49957	5002
49957	5003
49957	5004
49957	5005
49957	5006
49957	5007
49957	5008
49957	5009
49957	5010
49957	5011
49957	5012
49957	5013
49957	5014
49957	5015
49957	5016
49957	5017
49957	5018
49957	5019
49957	5020
49957	5021
49957	5022
49957	5023
49957	5024
49957	5025
49957	5026
49957	5027
49957	5028
49957	5029
49957	5030
49957	5031
49957	5032
49957	5033
49957	5034
49957	5035
49957	5036
49957	5037
49957	5038
49957	5039
49957	5040
49957	5041
49957	5042
49957	5043
49957	5044
49957	5045
49957	5046
49957	5047
49957	5048
49957	5049
49957	5050
49957	5051
49957	5052
49957	5053
49957	5054
49958	5055
49958	5056
49958	5057
49958	5058
49958	5059
49958	5060
49958	5061
49958	5062
49958	5063
49958	5064
49958	5065
49958	5066
49958	5067
49958	5068
49958	5069
49958	5070
49958	5071
49958	5072
49958	5073
49958	5074
49958	5075
49958	5076
49958	5077
49958	5078
49958	5079
49958	5080
49958	5081
49958	5082
49958	5083
49958	5084
49958	5085
49958	5086
49958	5087
49958	5088
49958	5089
49958	5090
49958	5091
49958	5092
49958	5093
49958	5094
49958	5095
49958	5096
49958	5097
49958	5098
49958	5099
49958	5100
49958	5101
49958	5102
49958	5103
49958	5104
49958	5105
49958	5106
49958	5107
49958	5108
49958	5109
49958	5110
49958	5111
49958	5112
49958	5113
49958	5114
49958	5115
49958	5116
49958	5117
49958	5118
49958	5119
49958	5120
49958	5121
49958	5122
49958	5123
49958	5124
49958	5125
49958	5126
49958	5127
49958	5128
49958	5129
49958	5130
49958	5131
49958	5132
49958	5133
49958	5134
49958	5135
49958	5136
49958	5137
49958	5138
49958	5139
49958	5140
49958	5141
49958	5142
49958	5143
49958	5144
49958	5145
49958	5146
49958	5147
49958	5148
49958	5149
49958	5150
49958	5151
49958	5152
49958	5153
49958	5154
49958	5155
49958	5156
49959	5157
49959	5158
49959	5159
49959	5160
49959	5161
49959	5162
49959	5163
49959	5164
49959	5165
49959	5166
49959	5167
49959	5168
49959	5169
49959	5170
49959	5171
49959	5172
49959	5173
49959	5174
49959	5175
49959	5176
49959	5177
49959	5178
49959	5179
49959	5180
49959	5181
49959	5182
49959	5183
49959	5184
49959	5185
49959	5186
49959	5187
49959	5188
49959	5189
49959	5190
49959	5191
49959	5192
49959	5193
49959	5194
49959	5195
49959	5196
49959	5197
49959	5198
49959	5199
49959	5200
49959	5201
49959	5202
49959	5203
49959	5204
49959	5205
49959	5206
49959	5207
49959	5208
49959	5209
49959	5210
49959	5211
49959	5212
49959	5213
49959	5214
49959	5215
49959	5216
49959	5217
49959	5218
49959	5219
49959	5220
49959	5221
49959	5222
49959	5223
49959	5224
49959	5225
49959	5226
49959	5227
49959	5228
49959	5229
49959	5230
49959	5231
49959	5232
49959	5233
49959	5234
49959	5235
49959	5236
49959	5237
49959	5238
49959	5239
49959	5240
49959	5241
49959	5242
49959	5243
49959	5244
49959	5245
49959	5246
49959	5247
49959	5248
49959	5249
49959	5250
49959	5251
49959	5252
49959	5253
49959	5254
49959	5255
49959	5256
49959	5257
49960	5258
49960	5259
49960	5260
49960	5261
49960	5262
49960	5263
49960	5264
49960	5265
49960	5266
49960	5267
49960	5268
49960	5269
49960	5270
49960	5271
49960	5272
49960	5273
49960	5274
49960	5275
49960	5276
49960	5277
49960	5278
49960	5279
49960	5280
49960	5281
49960	5282
49960	5283
49960	5284
49960	5285
49960	5286
49960	5287
49960	5288
49960	5289
49960	5290
49960	5291
49960	5292
49960	5293
49960	5294
49960	5295
49960	5296
49960	5297
49960	5298
49960	5299
49960	5300
49960	5301
49960	5302
49960	5303
49960	5304
49960	5305
49960	5306
49960	5307
49960	5308
49960	5309
49960	5310
49960	5311
49960	5312
49960	5313
49960	5314
49960	5315
49960	5316
49960	5317
49960	5318
49960	5319
49960	5320
49960	5321
49960	5322
49960	5323
49960	5324
49960	5325
49960	5326
49960	5327
49960	5328
49960	5329
49961	5330
49961	5331
49961	5332
49961	5333
49961	5334
49961	5335
49961	5336
49961	5337
49961	5338
49961	5339
49961	5340
49961	5341
49961	5342
49961	5343
49961	5344
49961	5345
49961	5346
49961	5347
49961	5348
49961	5349
49961	5350
49961	5351
49961	5352
49961	5353
49961	5354
49961	5355
49961	5356
49961	5357
49961	5358
49961	5359
49961	5360
49961	5361
49961	5362
49961	5363
49961	5364
49961	5365
49961	5366
49961	5367
49961	5368
49961	5369
49961	5370
49961	5371
49961	5372
49961	5373
49961	5374
49961	5375
49961	5376
49961	5377
49961	5378
49961	5379
49961	5380
49961	5381
49961	5382
49961	5383
49961	5384
49961	5385
49961	5386
49961	5387
49961	5388
49961	5389
49961	5390
49961	5391
49961	5392
49961	5393
49961	5394
49961	5395
49961	5396
49961	5397
49961	5398
49961	5399
49961	5400
49961	5401
49961	5402
49961	5403
49961	5404
49961	5405
49961	5406
49961	5407
49961	5408
49961	5409
49961	5410
49961	5411
49961	5412
49961	5413
49961	5414
49961	5415
49961	5416
49961	5417
49961	5418
49961	5419
49961	5420
49961	5421
49961	5422
49961	5423
49961	5424
49961	5425
49961	5426
49961	5427
49961	5428
49961	5429
49961	5430
49961	5431
49961	5432
49961	5433
49962	5434
49962	5435
49962	5436
49962	5437
49962	5438
49962	5439
49962	5440
49962	5441
49962	5442
49962	5443
49962	5444
49962	5445
49962	5446
49962	5447
49962	5448
49962	5449
49962	5450
49962	5451
49962	5452
49962	5453
49962	5454
49962	5455
49962	5456
49962	5457
49962	5458
49962	5459
49962	5460
49962	5461
49962	5462
49962	5463
49962	5464
49962	5465
49962	5466
49962	5467
49962	5468
49962	5469
49962	5470
49962	5471
49962	5472
49962	5473
49962	5474
49962	5475
49962	5476
49962	5477
49962	5478
49962	5479
49962	5480
49962	5481
49962	5482
49962	5483
49962	5484
49962	5485
49962	5486
49962	5487
49962	5488
49962	5489
49962	5490
49962	5491
49962	5492
49962	5493
49962	5494
49962	5495
49962	5496
49962	5497
49962	5498
49962	5499
49962	5500
49962	5501
49962	5502
49962	5503
49962	5504
49962	5505
49962	5506
49962	5507
49962	5508
49962	5509
49962	5510
49962	5511
49962	5512
49962	5513
49962	5514
49962	5515
49962	5516
49962	5517
49962	5518
49962	5519
49962	5520
49962	5521
49962	5522
49962	5523
49962	5524
49962	5525
49962	5526
49962	5527
49962	5528
49962	5529
49962	5530
49962	5531
49963	5532
49963	5533
49963	5534
49963	5535
49963	5536
49963	5537
49963	5538
49963	5539
49963	5540
49963	5541
49963	5542
49963	5543
49963	5544
49963	5545
49963	5546
49963	5547
49963	5548
49963	5549
49963	5550
49963	5551
49963	5552
49963	5553
49963	5554
49963	5555
49963	5556
49963	5557
49963	5558
49963	5559
49963	5560
49963	5561
49963	5562
49963	5563
49963	5564
49963	5565
49963	5566
49963	5567
49963	5568
49963	5569
49963	5570
49963	5571
49963	5572
49963	5573
49963	5574
49963	5575
49963	5576
49963	5577
49963	5578
49963	5579
49963	5580
49963	5581
49963	5582
49963	5583
49963	5584
49963	5585
49963	5586
49963	5587
49963	5588
49963	5589
49963	5590
49963	5591
49963	5592
49963	5593
49963	5594
49963	5595
49963	5596
49963	5597
49963	5598
49963	5599
49963	5600
49963	5601
49963	5602
49963	5603
49963	5604
49963	5605
49963	5606
49963	5607
49963	5608
49963	5609
49963	5610
49963	5611
49963	5612
49963	5613
49963	5614
49963	5615
49963	5616
49963	5617
49963	5618
49963	5619
49963	5620
49964	5621
49964	5622
49964	5623
49964	5624
49964	5625
49964	5626
49964	5627
49964	5628
49964	5629
49964	5630
49964	5631
49964	5632
49964	5633
49964	5634
49964	5635
49964	5636
49964	5637
49964	5638
49964	5639
49964	5640
49964	5641
49964	5642
49964	5643
49964	5644
49964	5645
49964	5646
49964	5647
49964	5648
49964	5649
49964	5650
49964	5651
49964	5652
49964	5653
49964	5654
49964	5655
49964	5656
49964	5657
49964	5658
49964	5659
49964	5660
49964	5661
49964	5662
49964	5663
49964	5664
49964	5665
49964	5666
49964	5667
49964	5668
49964	5669
49964	5670
49964	5671
49964	5672
49964	5673
49964	5674
49964	5675
49964	5676
49964	5677
49964	5678
49964	5679
49964	5680
49964	5681
49964	5682
49964	5683
49964	5684
49964	5685
49964	5686
49964	5687
49964	5688
49964	5689
49964	5690
49964	5691
49964	5692
49964	5693
49964	5694
49964	5695
49964	5696
49964	5697
49964	5698
49964	5699
49964	5700
49964	5701
49964	5702
49964	5703
49964	5704
49964	5705
49964	5706
49964	5707
49964	5708
49964	5709
49964	5710
49964	5711
49964	5712
49964	5713
49964	5714
49964	5715
49964	5716
49964	5717
49964	5718
49964	5719
49965	5720
49965	5721
49965	5722
49965	5723
49965	5724
49965	5725
49965	5726
49965	5727
49965	5728
49965	5729
49965	5730
49965	5731
49965	5732
49965	5733
49965	5734
49965	5735
49965	5736
49965	5737
49965	5738
49965	5739
49965	5740
49965	5741
49965	5742
49965	5743
49965	5744
49965	5745
49965	5746
49965	5747
49965	5748
49965	5749
49965	5750
49965	5751
49965	5752
49965	5753
49965	5754
49965	5755
49965	5756
49965	5757
49965	5758
49965	5759
49965	5760
49965	5761
49965	5762
49965	5763
49965	5764
49965	5765
49965	5766
49965	5767
49965	5768
49965	5769
49965	5770
49965	5771
49965	5772
49965	5773
49965	5774
49965	5775
49965	5776
49965	5777
49965	5778
49965	5779
49965	5780
49965	5781
49965	5782
49965	5783
49965	5784
49965	5785
49965	5786
49965	5787
49965	5788
49965	5789
49965	5790
49965	5791
49965	5792
49965	5793
49965	5794
49965	5795
49965	5796
49965	5797
49965	5798
49965	5799
49965	5800
49965	5801
49965	5802
49965	5803
49965	5804
49965	5805
49965	5806
49965	5807
49965	5808
49965	5809
49965	5810
49965	5811
49965	5812
49965	5813
49965	5814
49965	5815
49966	5816
49966	5817
49966	5818
49966	5819
49966	5820
49966	5821
49966	5822
49966	5823
49966	5824
49966	5825
49966	5826
49966	5827
49966	5828
49966	5829
49966	5830
49966	5831
49966	5832
49966	5833
49966	5834
49966	5835
49966	5836
49966	5837
49966	5838
49966	5839
49966	5840
49966	5841
49966	5842
49966	5843
49966	5844
49966	5845
49966	5846
49966	5847
49966	5848
49966	5849
49966	5850
49966	5851
49966	5852
49966	5853
49966	5854
49966	5855
49966	5856
49966	5857
49966	5858
49966	5859
49966	5860
49966	5861
49966	5862
49966	5863
49966	5864
49966	5865
49966	5866
49966	5867
49966	5868
49966	5869
49966	5870
49966	5871
49966	5872
49966	5873
49966	5874
49966	5875
49966	5876
49966	5877
49966	5878
49966	5879
49966	5880
49966	5881
49966	5882
49966	5883
49966	5884
49966	5885
49966	5886
49966	5887
49966	5888
49966	5889
49966	5890
49966	5891
49966	5892
49966	5893
49966	5894
49966	5895
49966	5896
49966	5897
49966	5898
49967	5899
49967	5900
49967	5901
49967	5902
49967	5903
49967	5904
49967	5905
49967	5906
49967	5907
49967	5908
49967	5909
49967	5910
49967	5911
49967	5912
49967	5913
49967	5914
49967	5915
49967	5916
49967	5917
49967	5918
49967	5919
49967	5920
49967	5921
49967	5922
49967	5923
49967	5924
49967	5925
49967	5926
49967	5927
49967	5928
49967	5929
49967	5930
49967	5931
49967	5932
49967	5933
49967	5934
49967	5935
49967	5936
49967	5937
49967	5938
49967	5939
49967	5940
49967	5941
49967	5942
49967	5943
49967	5944
49967	5945
49967	5946
49967	5947
49967	5948
49967	5949
49967	5950
49967	5951
49967	5952
49967	5953
49967	5954
49967	5955
49967	5956
49967	5957
49967	5958
49967	5959
49967	5960
49967	5961
49967	5962
49967	5963
49967	5964
49967	5965
49967	5966
49967	5967
49967	5968
49967	5969
49967	5970
49967	5971
49967	5972
49967	5973
49967	5974
49967	5975
49967	5976
49967	5977
49967	5978
49967	5979
49967	5980
49967	5981
49967	5982
49967	5983
49967	5984
49967	5985
49967	5986
49967	5987
49967	5988
49968	5989
49968	5990
49968	5991
49968	5992
49968	5993
49968	5994
49968	5995
49968	5996
49968	5997
49968	5998
49968	5999
49968	6000
49968	6001
49968	6002
49968	6003
49968	6004
49968	6005
49968	6006
49968	6007
49968	6008
49968	6009
49968	6010
49968	6011
49968	6012
49968	6013
49968	6014
49968	6015
49968	6016
49968	6017
49968	6018
49968	6019
49968	6020
49968	6021
49968	6022
49968	6023
49968	6024
49968	6025
49968	6026
49968	6027
49968	6028
49968	6029
49968	6030
49968	6031
49968	6032
49968	6033
49968	6034
49968	6035
49968	6036
49968	6037
49968	6038
49968	6039
49968	6040
49968	6041
49968	6042
49968	6043
49968	6044
49968	6045
49968	6046
49968	6047
49968	6048
49968	6049
49968	6050
49968	6051
49968	6052
49968	6053
49968	6054
49968	6055
49968	6056
49968	6057
49968	6058
49968	6059
49968	6060
49968	6061
49968	6062
49968	6063
49968	6064
49968	6065
49968	6066
49968	6067
49968	6068
49968	6069
49968	6070
49968	6071
49968	6072
49968	6073
49968	6074
49968	6075
49968	6076
49968	6077
49969	6078
49969	6079
49969	6080
49969	6081
49969	6082
49969	6083
49969	6084
49969	6085
49969	6086
49969	6087
49969	6088
49969	6089
49969	6090
49969	6091
49969	6092
49969	6093
49969	6094
49969	6095
49969	6096
49969	6097
49969	6098
49969	6099
49969	6100
49969	6101
49969	6102
49969	6103
49969	6104
49969	6105
49969	6106
49969	6107
49969	6108
49969	6109
49969	6110
49969	6111
49969	6112
49969	6113
49969	6114
49969	6115
49969	6116
49969	6117
49969	6118
49969	6119
49969	6120
49969	6121
49969	6122
49969	6123
49969	6124
49969	6125
49969	6126
49969	6127
49969	6128
49969	6129
49969	6130
49969	6131
49969	6132
49969	6133
49969	6134
49969	6135
49969	6136
49969	6137
49969	6138
49969	6139
49969	6140
49969	6141
49969	6142
49969	6143
49969	6144
49969	6145
49969	6146
49969	6147
49969	6148
49969	6149
49969	6150
49969	6151
49969	6152
49969	6153
49969	6154
49969	6155
49969	6156
49969	6157
49969	6158
49969	6159
49969	6160
49969	6161
49969	6162
49969	6163
49969	6164
49969	6165
49969	6166
49969	6167
49969	6168
49969	6169
49969	6170
49969	6171
49969	6172
49969	6173
49970	6174
49970	6175
49970	6176
49970	6177
49970	6178
49970	6179
49970	6180
49970	6181
49970	6182
49970	6183
49970	6184
49970	6185
49970	6186
49970	6187
49970	6188
49970	6189
49970	6190
49970	6191
49970	6192
49970	6193
49970	6194
49970	6195
49970	6196
49970	6197
49970	6198
49970	6199
49970	6200
49970	6201
49970	6202
49970	6203
49970	6204
49970	6205
49970	6206
49970	6207
49970	6208
49970	6209
49970	6210
49970	6211
49970	6212
49970	6213
49970	6214
49970	6215
49970	6216
49970	6217
49970	6218
49970	6219
49970	6220
49970	6221
49970	6222
49970	6223
49970	6224
49970	6225
49970	6226
49970	6227
49970	6228
49970	6229
49970	6230
49970	6231
49970	6232
49970	6233
49970	6234
49970	6235
49970	6236
49970	6237
49970	6238
49970	6239
49970	6240
49970	6241
49970	6242
49970	6243
49970	6244
49970	6245
49970	6246
49970	6247
49970	6248
49970	6249
49970	6250
49970	6251
49970	6252
49970	6253
49970	6254
49970	6255
49970	6256
49970	6257
49970	6258
49970	6259
49970	6260
49970	6261
49970	6262
49970	6263
49970	6264
49970	6265
49970	6266
49970	6267
49970	6268
49970	6269
49970	6270
49970	6271
49970	6272
49970	6273
49970	6274
49970	6275
49970	6276
49970	6277
49970	6278
49970	6279
49971	6280
49971	6281
49971	6282
49971	6283
49971	6284
49971	6285
49971	6286
49971	6287
49971	6288
49971	6289
49971	6290
49971	6291
49971	6292
49971	6293
49971	6294
49971	6295
49971	6296
49971	6297
49971	6298
49971	6299
49971	6300
49971	6301
49971	6302
49971	6303
49971	6304
49971	6305
49971	6306
49971	6307
49971	6308
49971	6309
49971	6310
49971	6311
49971	6312
49971	6313
49971	6314
49971	6315
49971	6316
49971	6317
49971	6318
49971	6319
49971	6320
49971	6321
49971	6322
49971	6323
49971	6324
49971	6325
49971	6326
49971	6327
49971	6328
49971	6329
49971	6330
49971	6331
49971	6332
49971	6333
49971	6334
49971	6335
49971	6336
49971	6337
49971	6338
49971	6339
49971	6340
49971	6341
49971	6342
49971	6343
49971	6344
49971	6345
49971	6346
49971	6347
49971	6348
49971	6349
49971	6350
49971	6351
49971	6352
49971	6353
49971	6354
49971	6355
49971	6356
49971	6357
49971	6358
49971	6359
49971	6360
49971	6361
49971	6362
49971	6363
49971	6364
49971	6365
49971	6366
49971	6367
49971	6368
49971	6369
49971	6370
49971	6371
49971	6372
49971	6373
49972	6374
49972	6375
49972	6376
49972	6377
49972	6378
49972	6379
49972	6380
49972	6381
49972	6382
49972	6383
49972	6384
49972	6385
49972	6386
49972	6387
49972	6388
49972	6389
49972	6390
49972	6391
49972	6392
49972	6393
49972	6394
49972	6395
49972	6396
49972	6397
49972	6398
49972	6399
49972	6400
49972	6401
49972	6402
49972	6403
49972	6404
49972	6405
49972	6406
49972	6407
49972	6408
49972	6409
49972	6410
49972	6411
49972	6412
49972	6413
49972	6414
49972	6415
49972	6416
49972	6417
49972	6418
49972	6419
49972	6420
49972	6421
49972	6422
49972	6423
49972	6424
49972	6425
49972	6426
49972	6427
49972	6428
49972	6429
49972	6430
49972	6431
49972	6432
49972	6433
49972	6434
49972	6435
49972	6436
49972	6437
49972	6438
49972	6439
49972	6440
49972	6441
49972	6442
49972	6443
49972	6444
49972	6445
49972	6446
49972	6447
49972	6448
49973	6449
49973	6450
49973	6451
49973	6452
49973	6453
49973	6454
49973	6455
49973	6456
49973	6457
49973	6458
49973	6459
49973	6460
49973	6461
49973	6462
49973	6463
49973	6464
49973	6465
49973	6466
49973	6467
49973	6468
49973	6469
49973	6470
49973	6471
49973	6472
49973	6473
49973	6474
49973	6475
49973	6476
49973	6477
49973	6478
49973	6479
49973	6480
49973	6481
49973	6482
49973	6483
49973	6484
49973	6485
49973	6486
49973	6487
49973	6488
49973	6489
49973	6490
49973	6491
49973	6492
49973	6493
49973	6494
49973	6495
49973	6496
49973	6497
49973	6498
49973	6499
49973	6500
49973	6501
49973	6502
49973	6503
49973	6504
49973	6505
49973	6506
49973	6507
49973	6508
49973	6509
49973	6510
49973	6511
49973	6512
49973	6513
49973	6514
49973	6515
49973	6516
49973	6517
49973	6518
49973	6519
49973	6520
49973	6521
49973	6522
49973	6523
49973	6524
49973	6525
49973	6526
49973	6527
49973	6528
49973	6529
49973	6530
49973	6531
49973	6532
49974	6533
49974	6534
49974	6535
49974	6536
49974	6537
49974	6538
49974	6539
49974	6540
49974	6541
49974	6542
49974	6543
49974	6544
49974	6545
49974	6546
49974	6547
49974	6548
49974	6549
49974	6550
49974	6551
49974	6552
49974	6553
49974	6554
49974	6555
49974	6556
49974	6557
49974	6558
49974	6559
49974	6560
49974	6561
49974	6562
49974	6563
49974	6564
49974	6565
49974	6566
49974	6567
49974	6568
49974	6569
49974	6570
49974	6571
49974	6572
49974	6573
49974	6574
49974	6575
49974	6576
49974	6577
49974	6578
49974	6579
49974	6580
49974	6581
49974	6582
49974	6583
49974	6584
49974	6585
49974	6586
49974	6587
49974	6588
49974	6589
49974	6590
49974	6591
49974	6592
49974	6593
49974	6594
49974	6595
49974	6596
49974	6597
49974	6598
49974	6599
49974	6600
49974	6601
49974	6602
49974	6603
49974	6604
49974	6605
49974	6606
49974	6607
49974	6608
49974	6609
49974	6610
49974	6611
49974	6612
49974	6613
49974	6614
49974	6615
49974	6616
49974	6617
49974	6618
49974	6619
49975	6620
49975	6621
49975	6622
49975	6623
49975	6624
49975	6625
49975	6626
49975	6627
49975	6628
49975	6629
49975	6630
49975	6631
49975	6632
49975	6633
49975	6634
49975	6635
49975	6636
49975	6637
49975	6638
49975	6639
49975	6640
49975	6641
49975	6642
49975	6643
49975	6644
49975	6645
49975	6646
49975	6647
49975	6648
49975	6649
49975	6650
49975	6651
49975	6652
49975	6653
49975	6654
49975	6655
49975	6656
49975	6657
49975	6658
49975	6659
49975	6660
49975	6661
49975	6662
49975	6663
49975	6664
49975	6665
49975	6666
49975	6667
49975	6668
49975	6669
49975	6670
49975	6671
49975	6672
49975	6673
49975	6674
49975	6675
49975	6676
49975	6677
49975	6678
49975	6679
49975	6680
49975	6681
49975	6682
49975	6683
49975	6684
49975	6685
49975	6686
49975	6687
49975	6688
49975	6689
49975	6690
49975	6691
49975	6692
49975	6693
49975	6694
49975	6695
49975	6696
49975	6697
49975	6698
49975	6699
49975	6700
49975	6701
49975	6702
49975	6703
49975	6704
49975	6705
49976	6706
49976	6707
49976	6708
49976	6709
49976	6710
49976	6711
49976	6712
49976	6713
49976	6714
49976	6715
49976	6716
49976	6717
49976	6718
49976	6719
49976	6720
49976	6721
49976	6722
49976	6723
49976	6724
49976	6725
49976	6726
49976	6727
49976	6728
49976	6729
49976	6730
49976	6731
49976	6732
49976	6733
49976	6734
49976	6735
49976	6736
49976	6737
49976	6738
49976	6739
49976	6740
49976	6741
49976	6742
49976	6743
49976	6744
49976	6745
49976	6746
49976	6747
49976	6748
49976	6749
49976	6750
49976	6751
49976	6752
49976	6753
49976	6754
49976	6755
49976	6756
49976	6757
49976	6758
49976	6759
49976	6760
49976	6761
49976	6762
49976	6763
49976	6764
49976	6765
49976	6766
49976	6767
49976	6768
49977	6769
49977	6770
49977	6771
49977	6772
49977	6773
49977	6774
49977	6775
49977	6776
49977	6777
49977	6778
49977	6779
49977	6780
49977	6781
49977	6782
49977	6783
49977	6784
49977	6785
49977	6786
49977	6787
49977	6788
49977	6789
49977	6790
49977	6791
49977	6792
49977	6793
49977	6794
49977	6795
49977	6796
49977	6797
49977	6798
49977	6799
49977	6800
49977	6801
49977	6802
49977	6803
49977	6804
49977	6805
49977	6806
49977	6807
49977	6808
49977	6809
49977	6810
49977	6811
49977	6812
49977	6813
49977	6814
49977	6815
49977	6816
49977	6817
49977	6818
49977	6819
49977	6820
49977	6821
49977	6822
49977	6823
49977	6824
49977	6825
49977	6826
49977	6827
49977	6828
49977	6829
49977	6830
49977	6831
49977	6832
49977	6833
49977	6834
49977	6835
49977	6836
49977	6837
49977	6838
49977	6839
49977	6840
49977	6841
49977	6842
49977	6843
49977	6844
49977	6845
49977	6846
49977	6847
49977	6848
49977	6849
49977	6850
49977	6851
49977	6852
49977	6853
49977	6854
49977	6855
49977	6856
49977	6857
49978	6858
49978	6859
49978	6860
49978	6861
49978	6862
49978	6863
49978	6864
49978	6865
49978	6866
49978	6867
49978	6868
49978	6869
49978	6870
49978	6871
49978	6872
49978	6873
49978	6874
49978	6875
49978	6876
49978	6877
49978	6878
49978	6879
49978	6880
49978	6881
49978	6882
49978	6883
49978	6884
49978	6885
49978	6886
49978	6887
49978	6888
49978	6889
49978	6890
49978	6891
49978	6892
49978	6893
49978	6894
49978	6895
49978	6896
49978	6897
49978	6898
49978	6899
49978	6900
49978	6901
49978	6902
49978	6903
49978	6904
49978	6905
49978	6906
49978	6907
49978	6908
49978	6909
49978	6910
49978	6911
49978	6912
49978	6913
49978	6914
49978	6915
49978	6916
49978	6917
49978	6918
49978	6919
49978	6920
49978	6921
49978	6922
49978	6923
49978	6924
49978	6925
49978	6926
49978	6927
49978	6928
49978	6929
49978	6930
49978	6931
49978	6932
49978	6933
49978	6934
49978	6935
49978	6936
49979	6937
49979	6938
49979	6939
49979	6940
49979	6941
49979	6942
49979	6943
49979	6944
49979	6945
49979	6946
49979	6947
49979	6948
49979	6949
49979	6950
49979	6951
49979	6952
49979	6953
49979	6954
49979	6955
49979	6956
49979	6957
49979	6958
49979	6959
49979	6960
49979	6961
49979	6962
49979	6963
49979	6964
49979	6965
49979	6966
49979	6967
49979	6968
49979	6969
49979	6970
49979	6971
49979	6972
49979	6973
49979	6974
49979	6975
49979	6976
49979	6977
49979	6978
49979	6979
49979	6980
49979	6981
49979	6982
49979	6983
49979	6984
49979	6985
49979	6986
49979	6987
49979	6988
49979	6989
49979	6990
49979	6991
49979	6992
49979	6993
49979	6994
49980	6995
49980	6996
49980	6997
49980	6998
49980	6999
49980	7000
49980	7001
49980	7002
49980	7003
49980	7004
49980	7005
49980	7006
49980	7007
49980	7008
49980	7009
49980	7010
49980	7011
49980	7012
49980	7013
49980	7014
49980	7015
49980	7016
49980	7017
49980	7018
49980	7019
49980	7020
49980	7021
49980	7022
49980	7023
49980	7024
49980	7025
49980	7026
49980	7027
49980	7028
49980	7029
49980	7030
49980	7031
49980	7032
49980	7033
49980	7034
49980	7035
49980	7036
49980	7037
49980	7038
49980	7039
49980	7040
49980	7041
49980	7042
49980	7043
49980	7044
49980	7045
49980	7046
49980	7047
49980	7048
49980	7049
49980	7050
49980	7051
49980	7052
49980	7053
49980	7054
49980	7055
49980	7056
49981	7057
49981	7058
49981	7059
49981	7060
49981	7061
49981	7062
49981	7063
49981	7064
49981	7065
49981	7066
49981	7067
49981	7068
49981	7069
49981	7070
49981	7071
49981	7072
49981	7073
49981	7074
49981	7075
49981	7076
49981	7077
49981	7078
49981	7079
49981	7080
49981	7081
49981	7082
49981	7083
49981	7084
49981	7085
49981	7086
49981	7087
49981	7088
49981	7089
49981	7090
49981	7091
49981	7092
49981	7093
49981	7094
49981	7095
49981	7096
49981	7097
49981	7098
49981	7099
49981	7100
49981	7101
49981	7102
49981	7103
49981	7104
49981	7105
49981	7106
49981	7107
49981	7108
49981	7109
49981	7110
49981	7111
49981	7112
49981	7113
49981	7114
49981	7115
49982	7116
49982	7117
49982	7118
49982	7119
49982	7120
49982	7121
49982	7122
49982	7123
49982	7124
49982	7125
49982	7126
49982	7127
49982	7128
49982	7129
49982	7130
49982	7131
49982	7132
49982	7133
49982	7134
49982	7135
49982	7136
49982	7137
49982	7138
49982	7139
49982	7140
49982	7141
49982	7142
49982	7143
49982	7144
49982	7145
49982	7146
49982	7147
49982	7148
49982	7149
49982	7150
49982	7151
49982	7152
49982	7153
49982	7154
49982	7155
49982	7156
49982	7157
49982	7158
49982	7159
49982	7160
49982	7161
49982	7162
49982	7163
49982	7164
49982	7165
49982	7166
49982	7167
49982	7168
49982	7169
49982	7170
49982	7171
49982	7172
49983	7173
49983	7174
49983	7175
49983	7176
49983	7177
49983	7178
49983	7179
49983	7180
49983	7181
49983	7182
49983	7183
49983	7184
49983	7185
49983	7186
49983	7187
49983	7188
49983	7189
49983	7190
49983	7191
49983	7192
49983	7193
49983	7194
49983	7195
49983	7196
49983	7197
49983	7198
49983	7199
49983	7200
49983	7201
49983	7202
49983	7203
49983	7204
49983	7205
49983	7206
49983	7207
49983	7208
49983	7209
49983	7210
49983	7211
49983	7212
49983	7213
49983	7214
49983	7215
49983	7216
49983	7217
49983	7218
49983	7219
49983	7220
49983	7221
49984	7222
49984	7223
49984	7224
49984	7225
49984	7226
49984	7227
49984	7228
49984	7229
49984	7230
49984	7231
49984	7232
49984	7233
49984	7234
49984	7235
49984	7236
49984	7237
49984	7238
49984	7239
49984	7240
49984	7241
49984	7242
49984	7243
49984	7244
49984	7245
49984	7246
49984	7247
49984	7248
49984	7249
49984	7250
49984	7251
49984	7252
49984	7253
49984	7254
49984	7255
49984	7256
49984	7257
49984	7258
49984	7259
49984	7260
49984	7261
49984	7262
49984	7263
49984	7264
49984	7265
49984	7266
49984	7267
49984	7268
49984	7269
49984	7270
49984	7271
49984	7272
49985	7273
49985	7274
49985	7275
49985	7276
49985	7277
49985	7278
49985	7279
49985	7280
49985	7281
49985	7282
49985	7283
49985	7284
49985	7285
49985	7286
49985	7287
49985	7288
49985	7289
49985	7290
49985	7291
49985	7292
49985	7293
49985	7294
49985	7295
49985	7296
49985	7297
49985	7298
49985	7299
49985	7300
49985	7301
49985	7302
49985	7303
49985	7304
49985	7305
49985	7306
49985	7307
49985	7308
49985	7309
49985	7310
49985	7311
49985	7312
49985	7313
49985	7314
49985	7315
49985	7316
49985	7317
49986	7318
49986	7319
49986	7320
49986	7321
49986	7322
49986	7323
49986	7324
49986	7325
49986	7326
49986	7327
49986	7328
49986	7329
49986	7330
49986	7331
49986	7332
49986	7333
49986	7334
49986	7335
49986	7336
49986	7337
49986	7338
49986	7339
49986	7340
49986	7341
49986	7342
49986	7343
49986	7344
49986	7345
49986	7346
49986	7347
49986	7348
49986	7349
49986	7350
49986	7351
49986	7352
49986	7353
49986	7354
49986	7355
49986	7356
49986	7357
49986	7358
49986	7359
49986	7360
49986	7361
49986	7362
49986	7363
49986	7364
49986	7365
49986	7366
49986	7367
49986	7368
49986	7369
49986	7370
49987	7371
49987	7372
49987	7373
49987	7374
49987	7375
49987	7376
49987	7377
49987	7378
49987	7379
49987	7380
49987	7381
49987	7382
49987	7383
49987	7384
49987	7385
49987	7386
49987	7387
49987	7388
49987	7389
49987	7390
49987	7391
49987	7392
49987	7393
49987	7394
49987	7395
49987	7396
49987	7397
49987	7398
49987	7399
49987	7400
49987	7401
49987	7402
49987	7403
49988	7404
49988	7405
49988	7406
49988	7407
49988	7408
49988	7409
49988	7410
49988	7411
49988	7412
49988	7413
49988	7414
49988	7415
49988	7416
49988	7417
49988	7418
49988	7419
49988	7420
49988	7421
49988	7422
49988	7423
49988	7424
49988	7425
49988	7426
49988	7427
49988	7428
49988	7429
49988	7430
49988	7431
49988	7432
49988	7433
49988	7434
49988	7435
49988	7436
49988	7437
49988	7438
49988	7439
49988	7440
49989	7441
49989	7442
49989	7443
49989	7444
49989	7445
49989	7446
49989	7447
49989	7448
49989	7449
49989	7450
49989	7451
49989	7452
49989	7453
49989	7454
49989	7455
49989	7456
49989	7457
49989	7458
49989	7459
49989	7460
49989	7461
49989	7462
49989	7463
49989	7464
49989	7465
49989	7466
49989	7467
49989	7468
49989	7469
49989	7470
49989	7471
49989	7472
49989	7473
49989	7474
49989	7475
49989	7476
49989	7477
49989	7478
49989	7479
49989	7480
49989	7481
49989	7482
49989	7483
49989	7484
49989	7485
49989	7486
49989	7487
49990	7488
49990	7489
49990	7490
49990	7491
49990	7492
49990	7493
49990	7494
49990	7495
49990	7496
49990	7497
49990	7498
49990	7499
49990	7500
49990	7501
49990	7502
49990	7503
49990	7504
49990	7505
49990	7506
49990	7507
49990	7508
49990	7509
49990	7510
49990	7511
49990	7512
49990	7513
49990	7514
49990	7515
49990	7516
49990	7517
49990	7518
49990	7519
49990	7520
49990	7521
49990	7522
49990	7523
49990	7524
49991	7525
49991	7526
49991	7527
49991	7528
49991	7529
49991	7530
49991	7531
49991	7532
49991	7533
49991	7534
49991	7535
49991	7536
49991	7537
49991	7538
49991	7539
49991	7540
49991	7541
49991	7542
49991	7543
49991	7544
49991	7545
49991	7546
49991	7547
49991	7548
49991	7549
49991	7550
49991	7551
49991	7552
49991	7553
49991	7554
49991	7555
49991	7556
49991	7557
49991	7558
49991	7559
49991	7560
49991	7561
49991	7562
49991	7563
49991	7564
49992	7565
49992	7566
49992	7567
49992	7568
49992	7569
49992	7570
49992	7571
49992	7572
49992	7573
49992	7574
49992	7575
49992	7576
49992	7577
49992	7578
49992	7579
49992	7580
49992	7581
49992	7582
49992	7583
49992	7584
49992	7585
49992	7586
49992	7587
49992	7588
49993	7589
49993	7590
49993	7591
49993	7592
49993	7593
49993	7594
49993	7595
49993	7596
49993	7597
49993	7598
49993	7599
49993	7600
49993	7601
49993	7602
49993	7603
49993	7604
49993	7605
49993	7606
49993	7607
49993	7608
49993	7609
49993	7610
49993	7611
49993	7612
49993	7613
49993	7614
49993	7615
49993	7616
49993	7617
49993	7618
49993	7619
49993	7620
49993	7621
49993	7622
49993	7623
49993	7624
49993	7625
49993	7626
49993	7627
49994	7628
49994	7629
49994	7630
49994	7631
49994	7632
49994	7633
49994	7634
49994	7635
49994	7636
49994	7637
49994	7638
49994	7639
49994	7640
49994	7641
49994	7642
49994	7643
49994	7644
49994	7645
49994	7646
49994	7647
49995	7648
49995	7649
49995	7650
49995	7651
49995	7652
49995	7653
49995	7654
49995	7655
49995	7656
49995	7657
49995	7658
49995	7659
49995	7660
49995	7661
49995	7662
49995	7663
49995	7664
49995	7665
49995	7666
49995	7667
49995	7668
49995	7669
49995	7670
49995	7671
49995	7672
49995	7673
49996	7674
49996	7675
49996	7676
49996	7677
49996	7678
49996	7679
49996	7680
49996	7681
49996	7682
49996	7683
49996	7684
49996	7685
49996	7686
49996	7687
49996	7688
49996	7689
49996	7690
49996	7691
49996	7692
49996	7693
49996	7694
49996	7695
49996	7696
49996	7697
49996	7698
49997	7699
49997	7700
49997	7701
49997	7702
49997	7703
49997	7704
49997	7705
49997	7706
49997	7707
49997	7708
49997	7709
49997	7710
49997	7711
49998	7712
49998	7713
49998	7714
49998	7715
49998	7716
49998	7717
49998	7718
49998	7719
49998	7720
49998	7721
49998	7722
49998	7723
49998	7724
49999	7725
