Year	Foremothers
0	1
145	1
7277	2
11322	3
11564	4
20748	5
30007	6
30916	7
31262	8
32732	9
32999	10
33656	11
34017	12
34128	13
35350	14
36496	15
36583	16
36829	17
38932	18
39253	19
39363	20
39816	21
39932	22
40212	23
40585	24
41107	25
41135	26
41258	27
41813	28
42035	29
42139	30
42662	31
42949	32
43289	33
43291	34
43326	35
43788	36
43802	37
44075	38
44108	39
44125	40
44127	41
44327	42
44551	43
44624	44
44726	45
44815	46
44844	47
44997	48
45182	49
45408	50
45510	51
45691	52
45978	53
46120	54
46135	55
46142	56
46158	57
46201	58
46298	59
46378	60
46387	61
46432	62
46524	63
46525	64
46526	65
46576	66
46604	67
46676	68
46836	69
46890	70
47019	71
47050	72
47058	73
47206	74
47231	75
47306	76
47314	77
47328	78
47402	79
47408	80
47433	81
47445	82
47460	83
47462	84
47489	85
47494	86
47536	87
47545	88
47606	89
47624	90
47662	91
47670	92
47670	93
47725	94
47762	95
47777	96
47805	97
47810	98
47832	99
47839	100
47861	101
47871	102
47876	103
47910	104
47918	105
47920	106
47934	107
47950	108
47955	109
48004	110
48022	111
48046	112
48047	113
48065	114
48066	115
48068	116
48079	117
48144	118
48159	119
48174	120
48175	121
48205	122
48217	123
48229	124
48230	125
48264	126
48270	127
48300	128
48301	129
48302	130
48307	131
48337	132
48391	133
48396	134
48411	135
48412	136
48412	137
48414	138
48443	139
48450	140
48457	141
48460	142
48477	143
48499	144
48519	145
48530	146
48534	147
48540	148
48544	149
48554	150
48566	151
48574	152
48590	153
48592	154
48599	155
48603	156
48604	157
48613	158
48637	159
48642	160
48654	161
48663	162
48669	163
48672	164
48689	165
48695	166
48701	167
48717	168
48720	169
48725	170
48736	171
48741	172
48743	173
48746	174
48753	175
48762	176
48770	177
48778	178
48781	179
48782	180
48798	181
48799	182
48803	183
48803	184
48811	185
48813	186
48816	187
48822	188
48823	189
48825	190
48827	191
48841	192
48842	193
48856	194
48866	195
48867	196
48881	197
48883	198
48890	199
48893	200
48897	201
48899	202
48900	203
48906	204
48908	205
48913	206
48916	207
48931	208
48936	209
48943	210
48948	211
48948	212
48954	213
48960	214
48962	215
48962	216
48963	217
48965	218
48967	219
48971	220
48981	221
48982	222
48982	223
48983	224
48988	225
48995	226
48997	227
49001	228
49009	229
49009	230
49013	231
49024	232
49024	233
49030	234
49033	235
49033	236
49041	237
49043	238
49046	239
49046	240
49052	241
49053	242
49054	243
49057	244
49060	245
49061	246
49078	247
49083	248
49084	249
49090	250
49093	251
49093	252
49096	253
49096	254
49098	255
49101	256
49103	257
49108	258
49113	259
49114	260
49114	261
49116	262
49117	263
49120	264
49128	265
49130	266
49135	267
49140	268
49142	269
49143	270
49146	271
49155	272
49160	273
49160	274
49162	275
49162	276
49169	277
49172	278
49173	279
49177	280
49178	281
49179	282
49180	283
49182	284
49188	285
49191	286
49193	287
49203	288
49205	289
49210	290
49213	291
49218	292
49219	293
49222	294
49231	295
49232	296
49239	297
49242	298
49243	299
49244	300
49246	301
49249	302
49251	303
49251	304
49259	305
49268	306
49269	307
49274	308
49277	309
49282	310
49284	311
49286	312
49289	313
49290	314
49291	315
49293	316
49293	317
49293	318
49299	319
49304	320
49306	321
49310	322
49311	323
49312	324
49320	325
49321	326
49322	327
49323	328
49324	329
49334	330
49338	331
49342	332
49342	333
49343	334
49344	335
49344	336
49344	337
49345	338
49346	339
49349	340
49349	341
49354	342
49355	343
49356	344
49358	345
49361	346
49361	347
49362	348
49362	349
49363	350
49363	351
49367	352
49367	353
49369	354
49370	355
49371	356
49372	357
49373	358
49374	359
49376	360
49377	361
49378	362
49378	363
49380	364
49380	365
49380	366
49383	367
49386	368
49387	369
49389	370
49391	371
49393	372
49393	373
49394	374
49396	375
49397	376
49401	377
49402	378
49404	379
49406	380
49408	381
49409	382
49409	383
49411	384
49411	385
49412	386
49416	387
49416	388
49418	389
49418	390
49418	391
49419	392
49420	393
49425	394
49425	395
49427	396
49428	397
49428	398
49429	399
49431	400
49434	401
49435	402
49435	403
49437	404
49438	405
49439	406
49441	407
49442	408
49443	409
49444	410
49445	411
49446	412
49448	413
49451	414
49453	415
49453	416
49458	417
49458	418
49459	419
49465	420
49466	421
49469	422
49471	423
49471	424
49472	425
49473	426
49477	427
49478	428
49479	429
49479	430
49481	431
49483	432
49486	433
49486	434
49487	435
49487	436
49488	437
49488	438
49491	439
49493	440
49494	441
49498	442
49498	443
49504	444
49504	445
49504	446
49505	447
49507	448
49507	449
49507	450
49508	451
49508	452
49509	453
49509	454
49511	455
49512	456
49514	457
49514	458
49514	459
49515	460
49515	461
49515	462
49517	463
49517	464
49520	465
49521	466
49523	467
49524	468
49526	469
49526	470
49529	471
49532	472
49536	473
49536	474
49536	475
49537	476
49538	477
49539	478
49539	479
49539	480
49540	481
49540	482
49540	483
49541	484
49542	485
49542	486
49542	487
49543	488
49543	489
49546	490
49548	491
49548	492
49549	493
49549	494
49549	495
49549	496
49550	497
49551	498
49553	499
49555	500
49556	501
49556	502
49557	503
49557	504
49557	505
49558	506
49560	507
49562	508
49563	509
49563	510
49564	511
49564	512
49564	513
49565	514
49569	515
49569	516
49570	517
49570	518
49570	519
49571	520
49572	521
49573	522
49575	523
49575	524
49577	525
49577	526
49577	527
49577	528
49577	529
49578	530
49579	531
49579	532
49580	533
49581	534
49581	535
49581	536
49583	537
49583	538
49584	539
49587	540
49588	541
49590	542
49592	543
49592	544
49593	545
49593	546
49594	547
49594	548
49595	549
49595	550
49595	551
49595	552
49595	553
49595	554
49598	555
49599	556
49599	557
49599	558
49600	559
49601	560
49601	561
49601	562
49602	563
49602	564
49602	565
49602	566
49603	567
49604	568
49604	569
49605	570
49605	571
49605	572
49606	573
49607	574
49608	575
49608	576
49609	577
49609	578
49609	579
49610	580
49611	581
49612	582
49612	583
49613	584
49613	585
49613	586
49614	587
49615	588
49617	589
49617	590
49617	591
49618	592
49618	593
49619	594
49620	595
49620	596
49620	597
49620	598
49621	599
49622	600
49623	601
49623	602
49624	603
49626	604
49626	605
49628	606
49628	607
49630	608
49630	609
49631	610
49631	611
49632	612
49634	613
49634	614
49635	615
49636	616
49636	617
49636	618
49636	619
49637	620
49637	621
49637	622
49638	623
49640	624
49642	625
49643	626
49644	627
49644	628
49644	629
49644	630
49645	631
49645	632
49645	633
49645	634
49646	635
49646	636
49647	637
49648	638
49648	639
49649	640
49649	641
49651	642
49651	643
49651	644
49654	645
49655	646
49656	647
49657	648
49657	649
49658	650
49658	651
49659	652
49659	653
49659	654
49660	655
49660	656
49660	657
49661	658
49661	659
49661	660
49661	661
49662	662
49662	663
49663	664
49663	665
49664	666
49664	667
49665	668
49665	669
49665	670
49666	671
49668	672
49668	673
49668	674
49669	675
49669	676
49670	677
49670	678
49670	679
49670	680
49673	681
49673	682
49673	683
49674	684
49674	685
49675	686
49678	687
49678	688
49679	689
49680	690
49681	691
49682	692
49683	693
49684	694
49685	695
49685	696
49686	697
49686	698
49687	699
49688	700
49688	701
49689	702
49689	703
49689	704
49689	705
49690	706
49690	707
49690	708
49690	709
49691	710
49692	711
49692	712
49692	713
49693	714
49693	715
49693	716
49693	717
49694	718
49695	719
49696	720
49696	721
49697	722
49698	723
49699	724
49699	725
49699	726
49699	727
49699	728
49700	729
49701	730
49701	731
49701	732
49702	733
49702	734
49703	735
49703	736
49704	737
49705	738
49706	739
49706	740
49706	741
49707	742
49707	743
49708	744
49709	745
49709	746
49709	747
49709	748
49709	749
49710	750
49710	751
49710	752
49710	753
49710	754
49710	755
49710	756
49711	757
49711	758
49712	759
49712	760
49713	761
49714	762
49714	763
49714	764
49714	765
49714	766
49714	767
49714	768
49715	769
49715	770
49716	771
49717	772
49718	773
49718	774
49718	775
49718	776
49719	777
49719	778
49719	779
49720	780
49720	781
49720	782
49720	783
49720	784
49721	785
49721	786
49722	787
49722	788
49722	789
49722	790
49722	791
49723	792
49723	793
49724	794
49724	795
49724	796
49726	797
49726	798
49726	799
49726	800
49726	801
49727	802
49727	803
49727	804
49727	805
49727	806
49728	807
49729	808
49729	809
49729	810
49730	811
49730	812
49730	813
49730	814
49731	815
49731	816
49731	817
49731	818
49731	819
49731	820
49732	821
49732	822
49732	823
49733	824
49733	825
49733	826
49734	827
49734	828
49734	829
49734	830
49734	831
49735	832
49735	833
49737	834
49737	835
49737	836
49738	837
49738	838
49738	839
49738	840
49739	841
49740	842
49740	843
49740	844
49740	845
49742	846
49743	847
49743	848
49743	849
49744	850
49745	851
49745	852
49746	853
49746	854
49746	855
49746	856
49747	857
49747	858
49748	859
49749	860
49749	861
49749	862
49749	863
49750	864
49750	865
49750	866
49751	867
49752	868
49753	869
49753	870
49753	871
49753	872
49753	873
49753	874
49754	875
49754	876
49754	877
49754	878
49754	879
49755	880
49755	881
49755	882
49756	883
49756	884
49756	885
49756	886
49756	887
49757	888
49757	889
49758	890
49758	891
49759	892
49760	893
49760	894
49761	895
49762	896
49762	897
49762	898
49763	899
49763	900
49763	901
49763	902
49763	903
49764	904
49764	905
49764	906
49765	907
49766	908
49766	909
49766	910
49767	911
49767	912
49767	913
49767	914
49768	915
49768	916
49768	917
49768	918
49768	919
49769	920
49769	921
49769	922
49769	923
49770	924
49770	925
49770	926
49770	927
49771	928
49771	929
49771	930
49772	931
49772	932
49772	933
49772	934
49773	935
49773	936
49774	937
49774	938
49775	939
49775	940
49775	941
49776	942
49776	943
49776	944
49776	945
49777	946
49778	947
49778	948
49778	949
49779	950
49779	951
49779	952
49779	953
49780	954
49780	955
49781	956
49781	957
49781	958
49782	959
49783	960
49783	961
49783	962
49783	963
49784	964
49784	965
49785	966
49785	967
49786	968
49787	969
49787	970
49787	971
49787	972
49788	973
49788	974
49789	975
49789	976
49789	977
49790	978
49790	979
49791	980
49791	981
49791	982
49791	983
49791	984
49791	985
49792	986
49793	987
49793	988
49793	989
49793	990
49793	991
49793	992
49793	993
49794	994
49794	995
49794	996
49794	997
49794	998
49794	999
49795	1000
49795	1001
49795	1002
49795	1003
49795	1004
49795	1005
49796	1006
49797	1007
49797	1008
49797	1009
49797	1010
49798	1011
49798	1012
49798	1013
49798	1014
49798	1015
49798	1016
49798	1017
49799	1018
49799	1019
49799	1020
49799	1021
49800	1022
49800	1023
49800	1024
49801	1025
49801	1026
49801	1027
49801	1028
49801	1029
49801	1030
49801	1031
49801	1032
49801	1033
49801	1034
49801	1035
49801	1036
49802	1037
49802	1038
49802	1039
49803	1040
49803	1041
49804	1042
49804	1043
49804	1044
49805	1045
49805	1046
49805	1047
49805	1048
49805	1049
49805	1050
49806	1051
49806	1052
49806	1053
49806	1054
49806	1055
49807	1056
49807	1057
49807	1058
49808	1059
49808	1060
49808	1061
49808	1062
49809	1063
49809	1064
49809	1065
49809	1066
49809	1067
49809	1068
49810	1069
49810	1070
49810	1071
49810	1072
49810	1073
49811	1074
49811	1075
49811	1076
49811	1077
49811	1078
49811	1079
49812	1080
49812	1081
49812	1082
49812	1083
49812	1084
49813	1085
49813	1086
49813	1087
49813	1088
49813	1089
49813	1090
49813	1091
49813	1092
49814	1093
49814	1094
49814	1095
49814	1096
49814	1097
49814	1098
49814	1099
49815	1100
49815	1101
49815	1102
49815	1103
49815	1104
49815	1105
49815	1106
49816	1107
49816	1108
49816	1109
49816	1110
49816	1111
49817	1112
49817	1113
49817	1114
49817	1115
49817	1116
49817	1117
49817	1118
49817	1119
49817	1120
49817	1121
49818	1122
49818	1123
49818	1124
49818	1125
49818	1126
49818	1127
49818	1128
49818	1129
49818	1130
49819	1131
49819	1132
49819	1133
49819	1134
49819	1135
49820	1136
49820	1137
49820	1138
49821	1139
49821	1140
49821	1141
49821	1142
49821	1143
49821	1144
49822	1145
49822	1146
49822	1147
49822	1148
49822	1149
49823	1150
49823	1151
49823	1152
49823	1153
49823	1154
49823	1155
49823	1156
49823	1157
49823	1158
49824	1159
49824	1160
49824	1161
49824	1162
49824	1163
49824	1164
49824	1165
49824	1166
49824	1167
49825	1168
49825	1169
49825	1170
49825	1171
49825	1172
49825	1173
49825	1174
49825	1175
49825	1176
49825	1177
49826	1178
49826	1179
49827	1180
49827	1181
49827	1182
49828	1183
49828	1184
49828	1185
49828	1186
49828	1187
49828	1188
49828	1189
49829	1190
49829	1191
49829	1192
49829	1193
49829	1194
49829	1195
49829	1196
49830	1197
49830	1198
49830	1199
49831	1200
49831	1201
49831	1202
49831	1203
49831	1204
49831	1205
49832	1206
49832	1207
49832	1208
49832	1209
49832	1210
49832	1211
49832	1212
49833	1213
49833	1214
49833	1215
49833	1216
49833	1217
49833	1218
49834	1219
49834	1220
49834	1221
49834	1222
49834	1223
49834	1224
49835	1225
49835	1226
49835	1227
49835	1228
49835	1229
49835	1230
49835	1231
49835	1232
49835	1233
49835	1234
49835	1235
49835	1236
49836	1237
49836	1238
49836	1239
49836	1240
49836	1241
49836	1242
49837	1243
49837	1244
49837	1245
49838	1246
49838	1247
49838	1248
49838	1249
49838	1250
49839	1251
49839	1252
49839	1253
49839	1254
49839	1255
49839	1256
49839	1257
49839	1258
49840	1259
49840	1260
49840	1261
49840	1262
49840	1263
49840	1264
49841	1265
49841	1266
49841	1267
49841	1268
49841	1269
49841	1270
49841	1271
49842	1272
49842	1273
49842	1274
49842	1275
49842	1276
49842	1277
49842	1278
49842	1279
49842	1280
49843	1281
49843	1282
49843	1283
49843	1284
49843	1285
49843	1286
49843	1287
49844	1288
49844	1289
49844	1290
49844	1291
49844	1292
49844	1293
49845	1294
49845	1295
49845	1296
49845	1297
49845	1298
49845	1299
49845	1300
49845	1301
49846	1302
49846	1303
49846	1304
49846	1305
49846	1306
49846	1307
49846	1308
49846	1309
49846	1310
49846	1311
49846	1312
49847	1313
49847	1314
49847	1315
49847	1316
49847	1317
49847	1318
49848	1319
49848	1320
49848	1321
49848	1322
49848	1323
49848	1324
49848	1325
49848	1326
49848	1327
49848	1328
49848	1329
49848	1330
49849	1331
49849	1332
49849	1333
49849	1334
49849	1335
49849	1336
49849	1337
49850	1338
49850	1339
49850	1340
49850	1341
49850	1342
49850	1343
49850	1344
49850	1345
49850	1346
49851	1347
49851	1348
49851	1349
49851	1350
49851	1351
49851	1352
49851	1353
49851	1354
49852	1355
49852	1356
49852	1357
49852	1358
49852	1359
49852	1360
49852	1361
49852	1362
49852	1363
49852	1364
49852	1365
49853	1366
49853	1367
49853	1368
49853	1369
49853	1370
49853	1371
49853	1372
49854	1373
49854	1374
49854	1375
49854	1376
49854	1377
49854	1378
49854	1379
49854	1380
49854	1381
49854	1382
49854	1383
49855	1384
49855	1385
49855	1386
49855	1387
49855	1388
49855	1389
49855	1390
49855	1391
49855	1392
49856	1393
49856	1394
49856	1395
49856	1396
49856	1397
49856	1398
49857	1399
49857	1400
49857	1401
49857	1402
49857	1403
49857	1404
49857	1405
49857	1406
49857	1407
49857	1408
49857	1409
49858	1410
49858	1411
49858	1412
49858	1413
49858	1414
49858	1415
49858	1416
49859	1417
49859	1418
49859	1419
49859	1420
49859	1421
49859	1422
49859	1423
49859	1424
49860	1425
49860	1426
49860	1427
49860	1428
49860	1429
49860	1430
49860	1431
49861	1432
49861	1433
49861	1434
49861	1435
49861	1436
49861	1437
49861	1438
49861	1439
49861	1440
49862	1441
49862	1442
49862	1443
49862	1444
49862	1445
49862	1446
49862	1447
49862	1448
49863	1449
49863	1450
49863	1451
49863	1452
49863	1453
49863	1454
49863	1455
49863	1456
49863	1457
49863	1458
49864	1459
49864	1460
49864	1461
49864	1462
49864	1463
49864	1464
49864	1465
49864	1466
49865	1467
49865	1468
49865	1469
49865	1470
49865	1471
49865	1472
49865	1473
49865	1474
49865	1475
49865	1476
49866	1477
49866	1478
49866	1479
49866	1480
49866	1481
49866	1482
49866	1483
49866	1484
49866	1485
49866	1486
49867	1487
49867	1488
49867	1489
49867	1490
49867	1491
49867	1492
49867	1493
49867	1494
49867	1495
49867	1496
49868	1497
49868	1498
49868	1499
49868	1500
49868	1501
49868	1502
49869	1503
49869	1504
49869	1505
49869	1506
49869	1507
49869	1508
49869	1509
49869	1510
49869	1511
49870	1512
49870	1513
49870	1514
49870	1515
49870	1516
49870	1517
49871	1518
49871	1519
49871	1520
49871	1521
49871	1522
49871	1523
49871	1524
49871	1525
49871	1526
49871	1527
49871	1528
49871	1529
49871	1530
49872	1531
49872	1532
49872	1533
49872	1534
49872	1535
49872	1536
49873	1537
49873	1538
49873	1539
49873	1540
49873	1541
49873	1542
49873	1543
49873	1544
49873	1545
49873	1546
49873	1547
49874	1548
49874	1549
49874	1550
49874	1551
49874	1552
49874	1553
49875	1554
49875	1555
49875	1556
49875	1557
49875	1558
49875	1559
49875	1560
49875	1561
49875	1562
49875	1563
49875	1564
49875	1565
49876	1566
49876	1567
49876	1568
49876	1569
49876	1570
49876	1571
49876	1572
49876	1573
49876	1574
49876	1575
49877	1576
49877	1577
49877	1578
49877	1579
49877	1580
49877	1581
49877	1582
49877	1583
49877	1584
49877	1585
49877	1586
49878	1587
49878	1588
49878	1589
49878	1590
49878	1591
49878	1592
49878	1593
49878	1594
49879	1595
49879	1596
49879	1597
49879	1598
49879	1599
49879	1600
49880	1601
49880	1602
49880	1603
49880	1604
49880	1605
49880	1606
49880	1607
49880	1608
49880	1609
49880	1610
49881	1611
49881	1612
49881	1613
49881	1614
49881	1615
49881	1616
49881	1617
49881	1618
49881	1619
49881	1620
49881	1621
49881	1622
49882	1623
49882	1624
49882	1625
49882	1626
49882	1627
49882	1628
49882	1629
49882	1630
49882	1631
49883	1632
49883	1633
49883	1634
49883	1635
49883	1636
49883	1637
49883	1638
49883	1639
49883	1640
49883	1641
49883	1642
49883	1643
49883	1644
49883	1645
49883	1646
49884	1647
49884	1648
49884	1649
49884	1650
49884	1651
49884	1652
49884	1653
49884	1654
49884	1655
49884	1656
49885	1657
49885	1658
49885	1659
49885	1660
49885	1661
49885	1662
49885	1663
49885	1664
49885	1665
49885	1666
49886	1667
49886	1668
49886	1669
49886	1670
49886	1671
49886	1672
49886	1673
49886	1674
49886	1675
49886	1676
49887	1677
49887	1678
49887	1679
49887	1680
49887	1681
49887	1682
49887	1683
49887	1684
49887	1685
49887	1686
49887	1687
49887	1688
49888	1689
49888	1690
49888	1691
49888	1692
49888	1693
49888	1694
49888	1695
49888	1696
49888	1697
49888	1698
49888	1699
49888	1700
49888	1701
49888	1702
49888	1703
49888	1704
49888	1705
49889	1706
49889	1707
49889	1708
49889	1709
49889	1710
49889	1711
49889	1712
49889	1713
49889	1714
49890	1715
49890	1716
49890	1717
49890	1718
49890	1719
49890	1720
49890	1721
49890	1722
49890	1723
49890	1724
49890	1725
49891	1726
49891	1727
49891	1728
49891	1729
49891	1730
49891	1731
49891	1732
49891	1733
49891	1734
49891	1735
49891	1736
49891	1737
49892	1738
49892	1739
49892	1740
49892	1741
49892	1742
49892	1743
49892	1744
49892	1745
49892	1746
49892	1747
49892	1748
49892	1749
49892	1750
49892	1751
49893	1752
49893	1753
49893	1754
49893	1755
49893	1756
49893	1757
49893	1758
49893	1759
49893	1760
49893	1761
49893	1762
49893	1763
49893	1764
49894	1765
49894	1766
49894	1767
49894	1768
49894	1769
49894	1770
49894	1771
49894	1772
49894	1773
49894	1774
49894	1775
49894	1776
49895	1777
49895	1778
49895	1779
49895	1780
49895	1781
49895	1782
49895	1783
49895	1784
49896	1785
49896	1786
49896	1787
49896	1788
49896	1789
49896	1790
49896	1791
49896	1792
49896	1793
49896	1794
49896	1795
49896	1796
49896	1797
49896	1798
49897	1799
49897	1800
49897	1801
49897	1802
49897	1803
49897	1804
49897	1805
49897	1806
49897	1807
49897	1808
49897	1809
49897	1810
49897	1811
49897	1812
49898	1813
49898	1814
49898	1815
49898	1816
49898	1817
49898	1818
49898	1819
49898	1820
49898	1821
49898	1822
49898	1823
49898	1824
49898	1825
49898	1826
49898	1827
49899	1828
49899	1829
49899	1830
49899	1831
49899	1832
49899	1833
49899	1834
49899	1835
49899	1836
49899	1837
49899	1838
49899	1839
49899	1840
49899	1841
49899	1842
49899	1843
49899	1844
49899	1845
49899	1846
49900	1847
49900	1848
49900	1849
49900	1850
49900	1851
49900	1852
49900	1853
49900	1854
49900	1855
49900	1856
49900	1857
49900	1858
49900	1859
49901	1860
49901	1861
49901	1862
49901	1863
49901	1864
49901	1865
49901	1866
49901	1867
49901	1868
49901	1869
49901	1870
49901	1871
49901	1872
49902	1873
49902	1874
49902	1875
49902	1876
49902	1877
49902	1878
49902	1879
49902	1880
49902	1881
49902	1882
49902	1883
49902	1884
49902	1885
49902	1886
49902	1887
49902	1888
49902	1889
49902	1890
49902	1891
49903	1892
49903	1893
49903	1894
49903	1895
49903	1896
49903	1897
49903	1898
49903	1899
49903	1900
49903	1901
49903	1902
49903	1903
49903	1904
49903	1905
49903	1906
49904	1907
49904	1908
49904	1909
49904	1910
49904	1911
49904	1912
49904	1913
49904	1914
49904	1915
49904	1916
49904	1917
49904	1918
49904	1919
49905	1920
49905	1921
49905	1922
49905	1923
49905	1924
49905	1925
49905	1926
49905	1927
49905	1928
49905	1929
49905	1930
49905	1931
49905	1932
49905	1933
49905	1934
49905	1935
49905	1936
49906	1937
49906	1938
49906	1939
49906	1940
49906	1941
49906	1942
49906	1943
49906	1944
49906	1945
49907	1946
49907	1947
49907	1948
49907	1949
49907	1950
49907	1951
49907	1952
49907	1953
49908	1954
49908	1955
49908	1956
49908	1957
49908	1958
49908	1959
49908	1960
49908	1961
49908	1962
49908	1963
49908	1964
49908	1965
49908	1966
49908	1967
49908	1968
49908	1969
49908	1970
49909	1971
49909	1972
49909	1973
49909	1974
49909	1975
49909	1976
49909	1977
49909	1978
49909	1979
49909	1980
49909	1981
49909	1982
49909	1983
49909	1984
49909	1985
49909	1986
49909	1987
49909	1988
49909	1989
49910	1990
49910	1991
49910	1992
49910	1993
49910	1994
49910	1995
49910	1996
49910	1997
49910	1998
49910	1999
49910	2000
49910	2001
49910	2002
49910	2003
49910	2004
49910	2005
49910	2006
49910	2007
49910	2008
49910	2009
49910	2010
49910	2011
49910	2012
49911	2013
49911	2014
49911	2015
49911	2016
49911	2017
49911	2018
49911	2019
49911	2020
49911	2021
49911	2022
49911	2023
49911	2024
49911	2025
49911	2026
49912	2027
49912	2028
49912	2029
49912	2030
49912	2031
49912	2032
49912	2033
49912	2034
49912	2035
49912	2036
49912	2037
49912	2038
49912	2039
49912	2040
49912	2041
49912	2042
49912	2043
49912	2044
49913	2045
49913	2046
49913	2047
49913	2048
49913	2049
49913	2050
49913	2051
49913	2052
49913	2053
49913	2054
49914	2055
49914	2056
49914	2057
49914	2058
49914	2059
49914	2060
49914	2061
49914	2062
49914	2063
49914	2064
49914	2065
49914	2066
49914	2067
49914	2068
49914	2069
49914	2070
49914	2071
49915	2072
49915	2073
49915	2074
49915	2075
49915	2076
49915	2077
49915	2078
49915	2079
49915	2080
49915	2081
49915	2082
49915	2083
49915	2084
49915	2085
49915	2086
49915	2087
49915	2088
49915	2089
49915	2090
49915	2091
49916	2092
49916	2093
49916	2094
49916	2095
49916	2096
49916	2097
49916	2098
49916	2099
49916	2100
49916	2101
49916	2102
49916	2103
49916	2104
49916	2105
49916	2106
49916	2107
49916	2108
49916	2109
49916	2110
49916	2111
49916	2112
49916	2113
49916	2114
49917	2115
49917	2116
49917	2117
49917	2118
49917	2119
49917	2120
49917	2121
49917	2122
49917	2123
49917	2124
49917	2125
49917	2126
49917	2127
49917	2128
49917	2129
49917	2130
49917	2131
49917	2132
49917	2133
49917	2134
49917	2135
49917	2136
49917	2137
49917	2138
49918	2139
49918	2140
49918	2141
49918	2142
49918	2143
49918	2144
49918	2145
49918	2146
49918	2147
49918	2148
49918	2149
49918	2150
49918	2151
49918	2152
49918	2153
49918	2154
49918	2155
49918	2156
49919	2157
49919	2158
49919	2159
49919	2160
49919	2161
49919	2162
49919	2163
49919	2164
49919	2165
49919	2166
49919	2167
49919	2168
49919	2169
49919	2170
49919	2171
49919	2172
49919	2173
49919	2174
49919	2175
49919	2176
49920	2177
49920	2178
49920	2179
49920	2180
49920	2181
49920	2182
49920	2183
49920	2184
49920	2185
49920	2186
49920	2187
49920	2188
49920	2189
49920	2190
49920	2191
49920	2192
49920	2193
49920	2194
49920	2195
49920	2196
49920	2197
49920	2198
49920	2199
49920	2200
49920	2201
49920	2202
49920	2203
49920	2204
49920	2205
49920	2206
49920	2207
49920	2208
49920	2209
49920	2210
49920	2211
49920	2212
49920	2213
49921	2214
49921	2215
49921	2216
49921	2217
49921	2218
49921	2219
49921	2220
49921	2221
49921	2222
49921	2223
49921	2224
49921	2225
49921	2226
49921	2227
49921	2228
49921	2229
49921	2230
49921	2231
49922	2232
49922	2233
49922	2234
49922	2235
49922	2236
49922	2237
49922	2238
49922	2239
49922	2240
49922	2241
49922	2242
49922	2243
49922	2244
49922	2245
49922	2246
49922	2247
49922	2248
49922	2249
49922	2250
49922	2251
49922	2252
49922	2253
49922	2254
49922	2255
49922	2256
49922	2257
49922	2258
49922	2259
49922	2260
49922	2261
49923	2262
49923	2263
49923	2264
49923	2265
49923	2266
49923	2267
49923	2268
49923	2269
49923	2270
49923	2271
49923	2272
49923	2273
49923	2274
49923	2275
49923	2276
49923	2277
49923	2278
49923	2279
49923	2280
49923	2281
49923	2282
49923	2283
49923	2284
49923	2285
49923	2286
49923	2287
49923	2288
49923	2289
49924	2290
49924	2291
49924	2292
49924	2293
49924	2294
49924	2295
49924	2296
49924	2297
49924	2298
49924	2299
49924	2300
49924	2301
49924	2302
49924	2303
49924	2304
49924	2305
49924	2306
49924	2307
49924	2308
49924	2309
49924	2310
49924	2311
49924	2312
49924	2313
49924	2314
49924	2315
49924	2316
49924	2317
49924	2318
49924	2319
49924	2320
49924	2321
49924	2322
49924	2323
49924	2324
49924	2325
49924	2326
49924	2327
49924	2328
49924	2329
49924	2330
49924	2331
49924	2332
49925	2333
49925	2334
49925	2335
49925	2336
49925	2337
49925	2338
49925	2339
49925	2340
49925	2341
49925	2342
49925	2343
49925	2344
49925	2345
49925	2346
49925	2347
49925	2348
49925	2349
49925	2350
49925	2351
49925	2352
49925	2353
49925	2354
49925	2355
49925	2356
49925	2357
49925	2358
49925	2359
49925	2360
49925	2361
49925	2362
49925	2363
49925	2364
49925	2365
49925	2366
49925	2367
49925	2368
49926	2369
49926	2370
49926	2371
49926	2372
49926	2373
49926	2374
49926	2375
49926	2376
49926	2377
49926	2378
49926	2379
49926	2380
49926	2381
49926	2382
49926	2383
49926	2384
49926	2385
49926	2386
49926	2387
49926	2388
49926	2389
49926	2390
49926	2391
49926	2392
49926	2393
49926	2394
49926	2395
49926	2396
49926	2397
49926	2398
49926	2399
49926	2400
49926	2401
49927	2402
49927	2403
49927	2404
49927	2405
49927	2406
49927	2407
49927	2408
49927	2409
49927	2410
49927	2411
49927	2412
49927	2413
49927	2414
49927	2415
49927	2416
49927	2417
49927	2418
49927	2419
49927	2420
49927	2421
49927	2422
49927	2423
49927	2424
49927	2425
49927	2426
49927	2427
49927	2428
49927	2429
49927	2430
49927	2431
49927	2432
49927	2433
49927	2434
49927	2435
49927	2436
49927	2437
49927	2438
49927	2439
49927	2440
49928	2441
49928	2442
49928	2443
49928	2444
49928	2445
49928	2446
49928	2447
49928	2448
49928	2449
49928	2450
49928	2451
49928	2452
49928	2453
49928	2454
49928	2455
49928	2456
49928	2457
49928	2458
49928	2459
49928	2460
49928	2461
49928	2462
49928	2463
49928	2464
49928	2465
49928	2466
49928	2467
49928	2468
49928	2469
49928	2470
49928	2471
49928	2472
49928	2473
49928	2474
49928	2475
49928	2476
49928	2477
49928	2478
49929	2479
49929	2480
49929	2481
49929	2482
49929	2483
49929	2484
49929	2485
49929	2486
49929	2487
49929	2488
49929	2489
49929	2490
49929	2491
49929	2492
49929	2493
49929	2494
49929	2495
49929	2496
49929	2497
49929	2498
49929	2499
49929	2500
49929	2501
49929	2502
49929	2503
49929	2504
49929	2505
49929	2506
49929	2507
49929	2508
49929	2509
49929	2510
49929	2511
49929	2512
49929	2513
49929	2514
49929	2515
49929	2516
49929	2517
49929	2518
49929	2519
49929	2520
49929	2521
49929	2522
49929	2523
49929	2524
49929	2525
49929	2526
49929	2527
49929	2528
49929	2529
49929	2530
49929	2531
49929	2532
49929	2533
49929	2534
49929	2535
49929	2536
49929	2537
49930	2538
49930	2539
49930	2540
49930	2541
49930	2542
49930	2543
49930	2544
49930	2545
49930	2546
49930	2547
49930	2548
49930	2549
49930	2550
49930	2551
49930	2552
49930	2553
49930	2554
49930	2555
49930	2556
49930	2557
49930	2558
49930	2559
49930	2560
49930	2561
49930	2562
49930	2563
49930	2564
49930	2565
49930	2566
49930	2567
49930	2568
49930	2569
49930	2570
49930	2571
49930	2572
49930	2573
49930	2574
49930	2575
49930	2576
49930	2577
49930	2578
49930	2579
49931	2580
49931	2581
49931	2582
49931	2583
49931	2584
49931	2585
49931	2586
49931	2587
49931	2588
49931	2589
49931	2590
49931	2591
49931	2592
49931	2593
49931	2594
49931	2595
49931	2596
49931	2597
49931	2598
49931	2599
49931	2600
49931	2601
49931	2602
49931	2603
49931	2604
49931	2605
49931	2606
49931	2607
49931	2608
49931	2609
49931	2610
49931	2611
49931	2612
49931	2613
49931	2614
49931	2615
49931	2616
49931	2617
49931	2618
49931	2619
49931	2620
49931	2621
49931	2622
49931	2623
49931	2624
49931	2625
49931	2626
49931	2627
49931	2628
49931	2629
49931	2630
49932	2631
49932	2632
49932	2633
49932	2634
49932	2635
49932	2636
49932	2637
49932	2638
49932	2639
49932	2640
49932	2641
49932	2642
49932	2643
49932	2644
49932	2645
49932	2646
49932	2647
49932	2648
49932	2649
49932	2650
49932	2651
49932	2652
49932	2653
49932	2654
49932	2655
49932	2656
49932	2657
49932	2658
49932	2659
49932	2660
49932	2661
49932	2662
49932	2663
49932	2664
49932	2665
49932	2666
49932	2667
49932	2668
49932	2669
49932	2670
49932	2671
49932	2672
49932	2673
49932	2674
49932	2675
49932	2676
49932	2677
49932	2678
49932	2679
49932	2680
49932	2681
49932	2682
49932	2683
49932	2684
49932	2685
49932	2686
49932	2687
49932	2688
49932	2689
49932	2690
49932	2691
49933	2692
49933	2693
49933	2694
49933	2695
49933	2696
49933	2697
49933	2698
49933	2699
49933	2700
49933	2701
49933	2702
49933	2703
49933	2704
49933	2705
49933	2706
49933	2707
49933	2708
49933	2709
49933	2710
49933	2711
49933	2712
49933	2713
49933	2714
49933	2715
49933	2716
49933	2717
49933	2718
49933	2719
49933	2720
49933	2721
49933	2722
49933	2723
49933	2724
49933	2725
49933	2726
49933	2727
49933	2728
49933	2729
49933	2730
49933	2731
49933	2732
49933	2733
49933	2734
49933	2735
49933	2736
49933	2737
49933	2738
49933	2739
49933	2740
49933	2741
49934	2742
49934	2743
49934	2744
49934	2745
49934	2746
49934	2747
49934	2748
49934	2749
49934	2750
49934	2751
49934	2752
49934	2753
49934	2754
49934	2755
49934	2756
49934	2757
49934	2758
49934	2759
49934	2760
49934	2761
49934	2762
49934	2763
49934	2764
49934	2765
49934	2766
49934	2767
49934	2768
49934	2769
49934	2770
49934	2771
49934	2772
49934	2773
49934	2774
49934	2775
49934	2776
49934	2777
49934	2778
49934	2779
49934	2780
49934	2781
49934	2782
49934	2783
49934	2784
49934	2785
49934	2786
49934	2787
49934	2788
49934	2789
49934	2790
49934	2791
49934	2792
49934	2793
49934	2794
49934	2795
49934	2796
49934	2797
49934	2798
49934	2799
49934	2800
49934	2801
49934	2802
49934	2803
49934	2804
49934	2805
49935	2806
49935	2807
49935	2808
49935	2809
49935	2810
49935	2811
49935	2812
49935	2813
49935	2814
49935	2815
49935	2816
49935	2817
49935	2818
49935	2819
49935	2820
49935	2821
49935	2822
49935	2823
49935	2824
49935	2825
49935	2826
49935	2827
49935	2828
49935	2829
49935	2830
49935	2831
49935	2832
49935	2833
49935	2834
49935	2835
49935	2836
49935	2837
49935	2838
49935	2839
49935	2840
49935	2841
49935	2842
49935	2843
49935	2844
49935	2845
49935	2846
49935	2847
49935	2848
49935	2849
49935	2850
49935	2851
49935	2852
49935	2853
49935	2854
49935	2855
49935	2856
49935	2857
49935	2858
49935	2859
49935	2860
49935	2861
49935	2862
49935	2863
49935	2864
49935	2865
49935	2866
49935	2867
49935	2868
49935	2869
49935	2870
49935	2871
49935	2872
49935	2873
49936	2874
49936	2875
49936	2876
49936	2877
49936	2878
49936	2879
49936	2880
49936	2881
49936	2882
49936	2883
49936	2884
49936	2885
49936	2886
49936	2887
49936	2888
49936	2889
49936	2890
49936	2891
49936	2892
49936	2893
49936	2894
49936	2895
49936	2896
49936	2897
49936	2898
49936	2899
49936	2900
49936	2901
49936	2902
49936	2903
49936	2904
49936	2905
49936	2906
49936	2907
49936	2908
49936	2909
49936	2910
49936	2911
49936	2912
49936	2913
49936	2914
49936	2915
49936	2916
49936	2917
49936	2918
49936	2919
49936	2920
49936	2921
49936	2922
49936	2923
49936	2924
49936	2925
49936	2926
49936	2927
49936	2928
49936	2929
49936	2930
49936	2931
49936	2932
49936	2933
49936	2934
49936	2935
49936	2936
49936	2937
49936	2938
49936	2939
49936	2940
49936	2941
49936	2942
49936	2943
49937	2944
49937	2945
49937	2946
49937	2947
49937	2948
49937	2949
49937	2950
49937	2951
49937	2952
49937	2953
49937	2954
49937	2955
49937	2956
49937	2957
49937	2958
49937	2959
49937	2960
49937	2961
49937	2962
49937	2963
49937	2964
49937	2965
49937	2966
49937	2967
49937	2968
49937	2969
49937	2970
49937	2971
49937	2972
49937	2973
49937	2974
49937	2975
49937	2976
49937	2977
49937	2978
49937	2979
49937	2980
49937	2981
49937	2982
49937	2983
49937	2984
49937	2985
49937	2986
49937	2987
49937	2988
49937	2989
49937	2990
49937	2991
49937	2992
49937	2993
49937	2994
49937	2995
49937	2996
49937	2997
49937	2998
49937	2999
49938	3000
49938	3001
49938	3002
49938	3003
49938	3004
49938	3005
49938	3006
49938	3007
49938	3008
49938	3009
49938	3010
49938	3011
49938	3012
49938	3013
49938	3014
49938	3015
49938	3016
49938	3017
49938	3018
49938	3019
49938	3020
49938	3021
49938	3022
49938	3023
49938	3024
49938	3025
49938	3026
49938	3027
49938	3028
49938	3029
49938	3030
49938	3031
49938	3032
49938	3033
49938	3034
49938	3035
49938	3036
49938	3037
49938	3038
49938	3039
49938	3040
49938	3041
49938	3042
49938	3043
49938	3044
49938	3045
49938	3046
49938	3047
49938	3048
49938	3049
49938	3050
49938	3051
49938	3052
49938	3053
49938	3054
49938	3055
49938	3056
49938	3057
49938	3058
49938	3059
49938	3060
49939	3061
49939	3062
49939	3063
49939	3064
49939	3065
49939	3066
49939	3067
49939	3068
49939	3069
49939	3070
49939	3071
49939	3072
49939	3073
49939	3074
49939	3075
49939	3076
49939	3077
49939	3078
49939	3079
49939	3080
49939	3081
49939	3082
49939	3083
49939	3084
49939	3085
49939	3086
49939	3087
49939	3088
49939	3089
49939	3090
49939	3091
49939	3092
49939	3093
49939	3094
49939	3095
49939	3096
49939	3097
49939	3098
49939	3099
49939	3100
49939	3101
49939	3102
49939	3103
49939	3104
49939	3105
49939	3106
49939	3107
49939	3108
49939	3109
49939	3110
49939	3111
49939	3112
49939	3113
49939	3114
49939	3115
49939	3116
49939	3117
49939	3118
49939	3119
49939	3120
49939	3121
49939	3122
49939	3123
49939	3124
49939	3125
49940	3126
49940	3127
49940	3128
49940	3129
49940	3130
49940	3131
49940	3132
49940	3133
49940	3134
49940	3135
49940	3136
49940	3137
49940	3138
49940	3139
49940	3140
49940	3141
49940	3142
49940	3143
49940	3144
49940	3145
49940	3146
49940	3147
49940	3148
49940	3149
49940	3150
49940	3151
49940	3152
49940	3153
49940	3154
49940	3155
49940	3156
49940	3157
49940	3158
49940	3159
49940	3160
49940	3161
49940	3162
49940	3163
49940	3164
49940	3165
49940	3166
49940	3167
49940	3168
49940	3169
49940	3170
49940	3171
49940	3172
49940	3173
49940	3174
49940	3175
49940	3176
49940	3177
49940	3178
49940	3179
49940	3180
49940	3181
49940	3182
49940	3183
49940	3184
49940	3185
49940	3186
49940	3187
49940	3188
49940	3189
49940	3190
49940	3191
49940	3192
49940	3193
49940	3194
49940	3195
49940	3196
49941	3197
49941	3198
49941	3199
49941	3200
49941	3201
49941	3202
49941	3203
49941	3204
49941	3205
49941	3206
49941	3207
49941	3208
49941	3209
49941	3210
49941	3211
49941	3212
49941	3213
49941	3214
49941	3215
49941	3216
49941	3217
49941	3218
49941	3219
49941	3220
49941	3221
49941	3222
49941	3223
49941	3224
49941	3225
49941	3226
49941	3227
49941	3228
49941	3229
49941	3230
49941	3231
49941	3232
49941	3233
49941	3234
49941	3235
49941	3236
49941	3237
49941	3238
49941	3239
49941	3240
49941	3241
49941	3242
49941	3243
49941	3244
49941	3245
49941	3246
49941	3247
49941	3248
49941	3249
49941	3250
49941	3251
49941	3252
49941	3253
49941	3254
49941	3255
49941	3256
49941	3257
49941	3258
49941	3259
49941	3260
49942	3261
49942	3262
49942	3263
49942	3264
49942	3265
49942	3266
49942	3267
49942	3268
49942	3269
49942	3270
49942	3271
49942	3272
49942	3273
49942	3274
49942	3275
49942	3276
49942	3277
49942	3278
49942	3279
49942	3280
49942	3281
49942	3282
49942	3283
49942	3284
49942	3285
49942	3286
49942	3287
49942	3288
49942	3289
49942	3290
49942	3291
49942	3292
49942	3293
49942	3294
49942	3295
49942	3296
49942	3297
49942	3298
49942	3299
49942	3300
49942	3301
49942	3302
49942	3303
49942	3304
49942	3305
49942	3306
49942	3307
49942	3308
49942	3309
49942	3310
49942	3311
49942	3312
49942	3313
49942	3314
49942	3315
49942	3316
49942	3317
49942	3318
49942	3319
49942	3320
49942	3321
49942	3322
49942	3323
49942	3324
49943	3325
49943	3326
49943	3327
49943	3328
49943	3329
49943	3330
49943	3331
49943	3332
49943	3333
49943	3334
49943	3335
49943	3336
49943	3337
49943	3338
49943	3339
49943	3340
49943	3341
49943	3342
49943	3343
49943	3344
49943	3345
49943	3346
49943	3347
49943	3348
49943	3349
49943	3350
49943	3351
49943	3352
49943	3353
49943	3354
49943	3355
49943	3356
49943	3357
49943	3358
49943	3359
49943	3360
49943	3361
49943	3362
49943	3363
49943	3364
49943	3365
49943	3366
49943	3367
49943	3368
49943	3369
49943	3370
49943	3371
49943	3372
49943	3373
49943	3374
49943	3375
49943	3376
49943	3377
49943	3378
49943	3379
49943	3380
49943	3381
49943	3382
49943	3383
49943	3384
49943	3385
49943	3386
49943	3387
49943	3388
49943	3389
49943	3390
49943	3391
49943	3392
49943	3393
49944	3394
49944	3395
49944	3396
49944	3397
49944	3398
49944	3399
49944	3400
49944	3401
49944	3402
49944	3403
49944	3404
49944	3405
49944	3406
49944	3407
49944	3408
49944	3409
49944	3410
49944	3411
49944	3412
49944	3413
49944	3414
49944	3415
49944	3416
49944	3417
49944	3418
49944	3419
49944	3420
49944	3421
49944	3422
49944	3423
49944	3424
49944	3425
49944	3426
49944	3427
49944	3428
49944	3429
49944	3430
49944	3431
49944	3432
49944	3433
49944	3434
49944	3435
49944	3436
49944	3437
49944	3438
49944	3439
49944	3440
49944	3441
49944	3442
49944	3443
49944	3444
49944	3445
49944	3446
49944	3447
49944	3448
49944	3449
49944	3450
49944	3451
49944	3452
49944	3453
49944	3454
49944	3455
49944	3456
49944	3457
49944	3458
49944	3459
49944	3460
49944	3461
49944	3462
49944	3463
49944	3464
49944	3465
49944	3466
49944	3467
49944	3468
49944	3469
49944	3470
49944	3471
49944	3472
49944	3473
49944	3474
49944	3475
49944	3476
49944	3477
49944	3478
49944	3479
49944	3480
49944	3481
49944	3482
49944	3483
49944	3484
49944	3485
49944	3486
49944	3487
49944	3488
49944	3489
49944	3490
49945	3491
49945	3492
49945	3493
49945	3494
49945	3495
49945	3496
49945	3497
49945	3498
49945	3499
49945	3500
49945	3501
49945	3502
49945	3503
49945	3504
49945	3505
49945	3506
49945	3507
49945	3508
49945	3509
49945	3510
49945	3511
49945	3512
49945	3513
49945	3514
49945	3515
49945	3516
49945	3517
49945	3518
49945	3519
49945	3520
49945	3521
49945	3522
49945	3523
49945	3524
49945	3525
49945	3526
49945	3527
49945	3528
49945	3529
49945	3530
49945	3531
49945	3532
49945	3533
49945	3534
49945	3535
49945	3536
49945	3537
49945	3538
49945	3539
49945	3540
49945	3541
49945	3542
49945	3543
49945	3544
49945	3545
49945	3546
49945	3547
49945	3548
49945	3549
49945	3550
49945	3551
49945	3552
49945	3553
49945	3554
49945	3555
49945	3556
49945	3557
49945	3558
49945	3559
49945	3560
49945	3561
49945	3562
49945	3563
49945	3564
49945	3565
49945	3566
49945	3567
49945	3568
49945	3569
49945	3570
49945	3571
49945	3572
49945	3573
49945	3574
49945	3575
49945	3576
49945	3577
49945	3578
49945	3579
49945	3580
49945	3581
49945	3582
49945	3583
49945	3584
49945	3585
49945	3586
49945	3587
49945	3588
49945	3589
49945	3590
49945	3591
49945	3592
49945	3593
49945	3594
49945	3595
49945	3596
49945	3597
49945	3598
49945	3599
49946	3600
49946	3601
49946	3602
49946	3603
49946	3604
49946	3605
49946	3606
49946	3607
49946	3608
49946	3609
49946	3610
49946	3611
49946	3612
49946	3613
49946	3614
49946	3615
49946	3616
49946	3617
49946	3618
49946	3619
49946	3620
49946	3621
49946	3622
49946	3623
49946	3624
49946	3625
49946	3626
49946	3627
49946	3628
49946	3629
49946	3630
49946	3631
49946	3632
49946	3633
49946	3634
49946	3635
49946	3636
49946	3637
49946	3638
49946	3639
49946	3640
49946	3641
49946	3642
49946	3643
49946	3644
49946	3645
49946	3646
49946	3647
49946	3648
49946	3649
49946	3650
49946	3651
49946	3652
49946	3653
49946	3654
49946	3655
49946	3656
49946	3657
49946	3658
49946	3659
49946	3660
49946	3661
49946	3662
49946	3663
49946	3664
49946	3665
49946	3666
49946	3667
49946	3668
49946	3669
49946	3670
49946	3671
49946	3672
49946	3673
49946	3674
49946	3675
49946	3676
49946	3677
49946	3678
49946	3679
49946	3680
49946	3681
49946	3682
49946	3683
49946	3684
49946	3685
49946	3686
49946	3687
49946	3688
49946	3689
49946	3690
49946	3691
49946	3692
49947	3693
49947	3694
49947	3695
49947	3696
49947	3697
49947	3698
49947	3699
49947	3700
49947	3701
49947	3702
49947	3703
49947	3704
49947	3705
49947	3706
49947	3707
49947	3708
49947	3709
49947	3710
49947	3711
49947	3712
49947	3713
49947	3714
49947	3715
49947	3716
49947	3717
49947	3718
49947	3719
49947	3720
49947	3721
49947	3722
49947	3723
49947	3724
49947	3725
49947	3726
49947	3727
49947	3728
49947	3729
49947	3730
49947	3731
49947	3732
49947	3733
49947	3734
49947	3735
49947	3736
49947	3737
49947	3738
49947	3739
49947	3740
49947	3741
49947	3742
49947	3743
49947	3744
49947	3745
49947	3746
49947	3747
49947	3748
49947	3749
49947	3750
49947	3751
49947	3752
49947	3753
49947	3754
49947	3755
49947	3756
49947	3757
49947	3758
49947	3759
49947	3760
49947	3761
49947	3762
49947	3763
49947	3764
49947	3765
49947	3766
49947	3767
49948	3768
49948	3769
49948	3770
49948	3771
49948	3772
49948	3773
49948	3774
49948	3775
49948	3776
49948	3777
49948	3778
49948	3779
49948	3780
49948	3781
49948	3782
49948	3783
49948	3784
49948	3785
49948	3786
49948	3787
49948	3788
49948	3789
49948	3790
49948	3791
49948	3792
49948	3793
49948	3794
49948	3795
49948	3796
49948	3797
49948	3798
49948	3799
49948	3800
49948	3801
49948	3802
49948	3803
49948	3804
49948	3805
49948	3806
49948	3807
49948	3808
49948	3809
49948	3810
49948	3811
49948	3812
49948	3813
49948	3814
49948	3815
49948	3816
49948	3817
49948	3818
49948	3819
49948	3820
49948	3821
49948	3822
49948	3823
49948	3824
49948	3825
49948	3826
49948	3827
49948	3828
49948	3829
49948	3830
49948	3831
49948	3832
49948	3833
49948	3834
49948	3835
49948	3836
49948	3837
49948	3838
49948	3839
49948	3840
49948	3841
49948	3842
49948	3843
49948	3844
49948	3845
49948	3846
49948	3847
49948	3848
49948	3849
49948	3850
49948	3851
49948	3852
49948	3853
49948	3854
49948	3855
49948	3856
49948	3857
49948	3858
49948	3859
49948	3860
49948	3861
49948	3862
49948	3863
49948	3864
49949	3865
49949	3866
49949	3867
49949	3868
49949	3869
49949	3870
49949	3871
49949	3872
49949	3873
49949	3874
49949	3875
49949	3876
49949	3877
49949	3878
49949	3879
49949	3880
49949	3881
49949	3882
49949	3883
49949	3884
49949	3885
49949	3886
49949	3887
49949	3888
49949	3889
49949	3890
49949	3891
49949	3892
49949	3893
49949	3894
49949	3895
49949	3896
49949	3897
49949	3898
49949	3899
49949	3900
49949	3901
49949	3902
49949	3903
49949	3904
49949	3905
49949	3906
49949	3907
49949	3908
49949	3909
49949	3910
49949	3911
49949	3912
49949	3913
49949	3914
49949	3915
49949	3916
49949	3917
49949	3918
49949	3919
49949	3920
49949	3921
49949	3922
49949	3923
49949	3924
49949	3925
49949	3926
49949	3927
49949	3928
49949	3929
49949	3930
49949	3931
49949	3932
49949	3933
49949	3934
49949	3935
49949	3936
49949	3937
49949	3938
49950	3939
49950	3940
49950	3941
49950	3942
49950	3943
49950	3944
49950	3945
49950	3946
49950	3947
49950	3948
49950	3949
49950	3950
49950	3951
49950	3952
49950	3953
49950	3954
49950	3955
49950	3956
49950	3957
49950	3958
49950	3959
49950	3960
49950	3961
49950	3962
49950	3963
49950	3964
49950	3965
49950	3966
49950	3967
49950	3968
49950	3969
49950	3970
49950	3971
49950	3972
49950	3973
49950	3974
49950	3975
49950	3976
49950	3977
49950	3978
49950	3979
49950	3980
49950	3981
49950	3982
49950	3983
49950	3984
49950	3985
49950	3986
49950	3987
49950	3988
49950	3989
49950	3990
49950	3991
49950	3992
49950	3993
49950	3994
49950	3995
49950	3996
49950	3997
49950	3998
49950	3999
49950	4000
49950	4001
49950	4002
49950	4003
49950	4004
49950	4005
49950	4006
49950	4007
49950	4008
49950	4009
49950	4010
49950	4011
49950	4012
49950	4013
49950	4014
49950	4015
49950	4016
49950	4017
49950	4018
49950	4019
49950	4020
49950	4021
49950	4022
49950	4023
49950	4024
49950	4025
49950	4026
49950	4027
49950	4028
49950	4029
49950	4030
49950	4031
49951	4032
49951	4033
49951	4034
49951	4035
49951	4036
49951	4037
49951	4038
49951	4039
49951	4040
49951	4041
49951	4042
49951	4043
49951	4044
49951	4045
49951	4046
49951	4047
49951	4048
49951	4049
49951	4050
49951	4051
49951	4052
49951	4053
49951	4054
49951	4055
49951	4056
49951	4057
49951	4058
49951	4059
49951	4060
49951	4061
49951	4062
49951	4063
49951	4064
49951	4065
49951	4066
49951	4067
49951	4068
49951	4069
49951	4070
49951	4071
49951	4072
49951	4073
49951	4074
49951	4075
49951	4076
49951	4077
49951	4078
49951	4079
49951	4080
49951	4081
49951	4082
49951	4083
49951	4084
49951	4085
49951	4086
49951	4087
49951	4088
49951	4089
49951	4090
49951	4091
49951	4092
49951	4093
49951	4094
49951	4095
49951	4096
49951	4097
49951	4098
49951	4099
49951	4100
49951	4101
49951	4102
49951	4103
49951	4104
49951	4105
49951	4106
49951	4107
49951	4108
49951	4109
49951	4110
49951	4111
49951	4112
49951	4113
49951	4114
49951	4115
49951	4116
49951	4117
49951	4118
49951	4119
49951	4120
49951	4121
49951	4122
49951	4123
49951	4124
49951	4125
49951	4126
49951	4127
49951	4128
49951	4129
49951	4130
49951	4131
49951	4132
49951	4133
49951	4134
49952	4135
49952	4136
49952	4137
49952	4138
49952	4139
49952	4140
49952	4141
49952	4142
49952	4143
49952	4144
49952	4145
49952	4146
49952	4147
49952	4148
49952	4149
49952	4150
49952	4151
49952	4152
49952	4153
49952	4154
49952	4155
49952	4156
49952	4157
49952	4158
49952	4159
49952	4160
49952	4161
49952	4162
49952	4163
49952	4164
49952	4165
49952	4166
49952	4167
49952	4168
49952	4169
49952	4170
49952	4171
49952	4172
49952	4173
49952	4174
49952	4175
49952	4176
49952	4177
49952	4178
49952	4179
49952	4180
49952	4181
49952	4182
49952	4183
49952	4184
49952	4185
49952	4186
49952	4187
49952	4188
49952	4189
49952	4190
49952	4191
49952	4192
49952	4193
49952	4194
49952	4195
49952	4196
49952	4197
49952	4198
49952	4199
49952	4200
49952	4201
49952	4202
49952	4203
49952	4204
49952	4205
49952	4206
49952	4207
49952	4208
49952	4209
49952	4210
49952	4211
49952	4212
49952	4213
49952	4214
49952	4215
49952	4216
49952	4217
49952	4218
49952	4219
49952	4220
49952	4221
49952	4222
49952	4223
49952	4224
49952	4225
49952	4226
49952	4227
49952	4228
49952	4229
49952	4230
49953	4231
49953	4232
49953	4233
49953	4234
49953	4235
49953	4236
49953	4237
49953	4238
49953	4239
49953	4240
49953	4241
49953	4242
49953	4243
49953	4244
49953	4245
49953	4246
49953	4247
49953	4248
49953	4249
49953	4250
49953	4251
49953	4252
49953	4253
49953	4254
49953	4255
49953	4256
49953	4257
49953	4258
49953	4259
49953	4260
49953	4261
49953	4262
49953	4263
49953	4264
49953	4265
49953	4266
49953	4267
49953	4268
49953	4269
49953	4270
49953	4271
49953	4272
49953	4273
49953	4274
49953	4275
49953	4276
49953	4277
49953	4278
49953	4279
49953	4280
49953	4281
49953	4282
49953	4283
49953	4284
49953	4285
49953	4286
49953	4287
49953	4288
49953	4289
49953	4290
49953	4291
49953	4292
49953	4293
49953	4294
49953	4295
49953	4296
49953	4297
49953	4298
49953	4299
49953	4300
49953	4301
49953	4302
49953	4303
49953	4304
49953	4305
49953	4306
49953	4307
49953	4308
49954	4309
49954	4310
49954	4311
49954	4312
49954	4313
49954	4314
49954	4315
49954	4316
49954	4317
49954	4318
49954	4319
49954	4320
49954	4321
49954	4322
49954	4323
49954	4324
49954	4325
49954	4326
49954	4327
49954	4328
49954	4329
49954	4330
49954	4331
49954	4332
49954	4333
49954	4334
49954	4335
49954	4336
49954	4337
49954	4338
49954	4339
49954	4340
49954	4341
49954	4342
49954	4343
49954	4344
49954	4345
49954	4346
49954	4347
49954	4348
49954	4349
49954	4350
49954	4351
49954	4352
49954	4353
49954	4354
49954	4355
49954	4356
49954	4357
49954	4358
49954	4359
49954	4360
49954	4361
49954	4362
49954	4363
49954	4364
49954	4365
49954	4366
49954	4367
49954	4368
49954	4369
49954	4370
49954	4371
49954	4372
49954	4373
49954	4374
49954	4375
49954	4376
49954	4377
49954	4378
49954	4379
49954	4380
49954	4381
49954	4382
49954	4383
49954	4384
49954	4385
49954	4386
49954	4387
49954	4388
49954	4389
49954	4390
49954	4391
49954	4392
49954	4393
49954	4394
49954	4395
49954	4396
49954	4397
49954	4398
49954	4399
49954	4400
49954	4401
49954	4402
49954	4403
49954	4404
49954	4405
49954	4406
49955	4407
49955	4408
49955	4409
49955	4410
49955	4411
49955	4412
49955	4413
49955	4414
49955	4415
49955	4416
49955	4417
49955	4418
49955	4419
49955	4420
49955	4421
49955	4422
49955	4423
49955	4424
49955	4425
49955	4426
49955	4427
49955	4428
49955	4429
49955	4430
49955	4431
49955	4432
49955	4433
49955	4434
49955	4435
49955	4436
49955	4437
49955	4438
49955	4439
49955	4440
49955	4441
49955	4442
49955	4443
49955	4444
49955	4445
49955	4446
49955	4447
49955	4448
49955	4449
49955	4450
49955	4451
49955	4452
49955	4453
49955	4454
49955	4455
49955	4456
49955	4457
49955	4458
49955	4459
49955	4460
49955	4461
49955	4462
49955	4463
49955	4464
49955	4465
49955	4466
49955	4467
49955	4468
49955	4469
49955	4470
49955	4471
49955	4472
49955	4473
49955	4474
49955	4475
49955	4476
49955	4477
49955	4478
49955	4479
49955	4480
49955	4481
49955	4482
49955	4483
49955	4484
49955	4485
49955	4486
49955	4487
49955	4488
49955	4489
49955	4490
49955	4491
49955	4492
49955	4493
49955	4494
49955	4495
49956	4496
49956	4497
49956	4498
49956	4499
49956	4500
49956	4501
49956	4502
49956	4503
49956	4504
49956	4505
49956	4506
49956	4507
49956	4508
49956	4509
49956	4510
49956	4511
49956	4512
49956	4513
49956	4514
49956	4515
49956	4516
49956	4517
49956	4518
49956	4519
49956	4520
49956	4521
49956	4522
49956	4523
49956	4524
49956	4525
49956	4526
49956	4527
49956	4528
49956	4529
49956	4530
49956	4531
49956	4532
49956	4533
49956	4534
49956	4535
49956	4536
49956	4537
49956	4538
49956	4539
49956	4540
49956	4541
49956	4542
49956	4543
49956	4544
49956	4545
49956	4546
49956	4547
49956	4548
49956	4549
49956	4550
49956	4551
49956	4552
49956	4553
49956	4554
49956	4555
49956	4556
49956	4557
49956	4558
49956	4559
49956	4560
49956	4561
49956	4562
49956	4563
49956	4564
49956	4565
49956	4566
49956	4567
49956	4568
49956	4569
49956	4570
49956	4571
49956	4572
49956	4573
49956	4574
49956	4575
49956	4576
49956	4577
49956	4578
49956	4579
49956	4580
49956	4581
49956	4582
49956	4583
49956	4584
49956	4585
49956	4586
49956	4587
49956	4588
49956	4589
49956	4590
49956	4591
49956	4592
49956	4593
49956	4594
49956	4595
49956	4596
49956	4597
49956	4598
49956	4599
49956	4600
49956	4601
49956	4602
49956	4603
49956	4604
49956	4605
49956	4606
49956	4607
49956	4608
49956	4609
49956	4610
49956	4611
49956	4612
49956	4613
49956	4614
49956	4615
49956	4616
49956	4617
49956	4618
49956	4619
49956	4620
49956	4621
49956	4622
49956	4623
49956	4624
49956	4625
49956	4626
49956	4627
49956	4628
49956	4629
49956	4630
49956	4631
49956	4632
49956	4633
49956	4634
49957	4635
49957	4636
49957	4637
49957	4638
49957	4639
49957	4640
49957	4641
49957	4642
49957	4643
49957	4644
49957	4645
49957	4646
49957	4647
49957	4648
49957	4649
49957	4650
49957	4651
49957	4652
49957	4653
49957	4654
49957	4655
49957	4656
49957	4657
49957	4658
49957	4659
49957	4660
49957	4661
49957	4662
49957	4663
49957	4664
49957	4665
49957	4666
49957	4667
49957	4668
49957	4669
49957	4670
49957	4671
49957	4672
49957	4673
49957	4674
49957	4675
49957	4676
49957	4677
49957	4678
49957	4679
49957	4680
49957	4681
49957	4682
49957	4683
49957	4684
49957	4685
49957	4686
49957	4687
49957	4688
49957	4689
49957	4690
49957	4691
49957	4692
49957	4693
49957	4694
49957	4695
49957	4696
49957	4697
49957	4698
49957	4699
49957	4700
49957	4701
49957	4702
49957	4703
49957	4704
49957	4705
49957	4706
49957	4707
49957	4708
49957	4709
49957	4710
49957	4711
49957	4712
49957	4713
49957	4714
49957	4715
49957	4716
49957	4717
49957	4718
49957	4719
49957	4720
49957	4721
49957	4722
49957	4723
49957	4724
49957	4725
49957	4726
49957	4727
49957	4728
49957	4729
49957	4730
49957	4731
49957	4732
49957	4733
49957	4734
49957	4735
49957	4736
49957	4737
49957	4738
49957	4739
49957	4740
49957	4741
49957	4742
49957	4743
49957	4744
49958	4745
49958	4746
49958	4747
49958	4748
49958	4749
49958	4750
49958	4751
49958	4752
49958	4753
49958	4754
49958	4755
49958	4756
49958	4757
49958	4758
49958	4759
49958	4760
49958	4761
49958	4762
49958	4763
49958	4764
49958	4765
49958	4766
49958	4767
49958	4768
49958	4769
49958	4770
49958	4771
49958	4772
49958	4773
49958	4774
49958	4775
49958	4776
49958	4777
49958	4778
49958	4779
49958	4780
49958	4781
49958	4782
49958	4783
49958	4784
49958	4785
49958	4786
49958	4787
49958	4788
49958	4789
49958	4790
49958	4791
49958	4792
49958	4793
49958	4794
49958	4795
49958	4796
49958	4797
49958	4798
49958	4799
49958	4800
49958	4801
49958	4802
49958	4803
49958	4804
49958	4805
49958	4806
49958	4807
49958	4808
49958	4809
49958	4810
49958	4811
49958	4812
49958	4813
49958	4814
49958	4815
49958	4816
49958	4817
49958	4818
49958	4819
49958	4820
49958	4821
49958	4822
49958	4823
49958	4824
49958	4825
49958	4826
49958	4827
49958	4828
49958	4829
49958	4830
49958	4831
49958	4832
49958	4833
49958	4834
49958	4835
49958	4836
49958	4837
49958	4838
49958	4839
49959	4840
49959	4841
49959	4842
49959	4843
49959	4844
49959	4845
49959	4846
49959	4847
49959	4848
49959	4849
49959	4850
49959	4851
49959	4852
49959	4853
49959	4854
49959	4855
49959	4856
49959	4857
49959	4858
49959	4859
49959	4860
49959	4861
49959	4862
49959	4863
49959	4864
49959	4865
49959	4866
49959	4867
49959	4868
49959	4869
49959	4870
49959	4871
49959	4872
49959	4873
49959	4874
49959	4875
49959	4876
49959	4877
49959	4878
49959	4879
49959	4880
49959	4881
49959	4882
49959	4883
49959	4884
49959	4885
49959	4886
49959	4887
49959	4888
49959	4889
49959	4890
49959	4891
49959	4892
49959	4893
49959	4894
49959	4895
49959	4896
49959	4897
49959	4898
49959	4899
49959	4900
49959	4901
49959	4902
49959	4903
49959	4904
49959	4905
49959	4906
49959	4907
49959	4908
49959	4909
49959	4910
49959	4911
49959	4912
49959	4913
49959	4914
49959	4915
49959	4916
49959	4917
49959	4918
49959	4919
49959	4920
49959	4921
49959	4922
49959	4923
49959	4924
49959	4925
49959	4926
49959	4927
49959	4928
49959	4929
49959	4930
49959	4931
49959	4932
49959	4933
49959	4934
49959	4935
49959	4936
49959	4937
49959	4938
49959	4939
49959	4940
49960	4941
49960	4942
49960	4943
49960	4944
49960	4945
49960	4946
49960	4947
49960	4948
49960	4949
49960	4950
49960	4951
49960	4952
49960	4953
49960	4954
49960	4955
49960	4956
49960	4957
49960	4958
49960	4959
49960	4960
49960	4961
49960	4962
49960	4963
49960	4964
49960	4965
49960	4966
49960	4967
49960	4968
49960	4969
49960	4970
49960	4971
49960	4972
49960	4973
49960	4974
49960	4975
49960	4976
49960	4977
49960	4978
49960	4979
49960	4980
49960	4981
49960	4982
49960	4983
49960	4984
49960	4985
49960	4986
49960	4987
49960	4988
49960	4989
49960	4990
49960	4991
49960	4992
49960	4993
49960	4994
49960	4995
49960	4996
49960	4997
49960	4998
49960	4999
49960	5000
49960	5001
49960	5002
49960	5003
49960	5004
49960	5005
49960	5006
49960	5007
49960	5008
49960	5009
49960	5010
49960	5011
49960	5012
49960	5013
49960	5014
49960	5015
49960	5016
49960	5017
49960	5018
49960	5019
49960	5020
49960	5021
49960	5022
49960	5023
49960	5024
49960	5025
49961	5026
49961	5027
49961	5028
49961	5029
49961	5030
49961	5031
49961	5032
49961	5033
49961	5034
49961	5035
49961	5036
49961	5037
49961	5038
49961	5039
49961	5040
49961	5041
49961	5042
49961	5043
49961	5044
49961	5045
49961	5046
49961	5047
49961	5048
49961	5049
49961	5050
49961	5051
49961	5052
49961	5053
49961	5054
49961	5055
49961	5056
49961	5057
49961	5058
49961	5059
49961	5060
49961	5061
49961	5062
49961	5063
49961	5064
49961	5065
49961	5066
49961	5067
49961	5068
49961	5069
49961	5070
49961	5071
49961	5072
49961	5073
49961	5074
49961	5075
49961	5076
49961	5077
49961	5078
49961	5079
49961	5080
49961	5081
49961	5082
49961	5083
49961	5084
49961	5085
49961	5086
49961	5087
49961	5088
49961	5089
49961	5090
49961	5091
49961	5092
49961	5093
49961	5094
49961	5095
49961	5096
49961	5097
49961	5098
49961	5099
49961	5100
49961	5101
49961	5102
49961	5103
49961	5104
49961	5105
49961	5106
49961	5107
49961	5108
49961	5109
49961	5110
49961	5111
49961	5112
49961	5113
49962	5114
49962	5115
49962	5116
49962	5117
49962	5118
49962	5119
49962	5120
49962	5121
49962	5122
49962	5123
49962	5124
49962	5125
49962	5126
49962	5127
49962	5128
49962	5129
49962	5130
49962	5131
49962	5132
49962	5133
49962	5134
49962	5135
49962	5136
49962	5137
49962	5138
49962	5139
49962	5140
49962	5141
49962	5142
49962	5143
49962	5144
49962	5145
49962	5146
49962	5147
49962	5148
49962	5149
49962	5150
49962	5151
49962	5152
49962	5153
49962	5154
49962	5155
49962	5156
49962	5157
49962	5158
49962	5159
49962	5160
49962	5161
49962	5162
49962	5163
49962	5164
49962	5165
49962	5166
49962	5167
49962	5168
49962	5169
49962	5170
49962	5171
49962	5172
49962	5173
49962	5174
49962	5175
49962	5176
49962	5177
49962	5178
49962	5179
49962	5180
49962	5181
49962	5182
49962	5183
49962	5184
49962	5185
49962	5186
49962	5187
49962	5188
49962	5189
49962	5190
49962	5191
49962	5192
49962	5193
49962	5194
49962	5195
49962	5196
49962	5197
49962	5198
49962	5199
49962	5200
49962	5201
49962	5202
49962	5203
49962	5204
49962	5205
49962	5206
49962	5207
49962	5208
49962	5209
49962	5210
49962	5211
49962	5212
49962	5213
49962	5214
49962	5215
49962	5216
49962	5217
49962	5218
49962	5219
49962	5220
49962	5221
49962	5222
49962	5223
49962	5224
49962	5225
49962	5226
49962	5227
49962	5228
49962	5229
49962	5230
49962	5231
49962	5232
49962	5233
49962	5234
49962	5235
49962	5236
49962	5237
49962	5238
49962	5239
49962	5240
49962	5241
49962	5242
49962	5243
49962	5244
49962	5245
49963	5246
49963	5247
49963	5248
49963	5249
49963	5250
49963	5251
49963	5252
49963	5253
49963	5254
49963	5255
49963	5256
49963	5257
49963	5258
49963	5259
49963	5260
49963	5261
49963	5262
49963	5263
49963	5264
49963	5265
49963	5266
49963	5267
49963	5268
49963	5269
49963	5270
49963	5271
49963	5272
49963	5273
49963	5274
49963	5275
49963	5276
49963	5277
49963	5278
49963	5279
49963	5280
49963	5281
49963	5282
49963	5283
49963	5284
49963	5285
49963	5286
49963	5287
49963	5288
49963	5289
49963	5290
49963	5291
49963	5292
49963	5293
49963	5294
49963	5295
49963	5296
49963	5297
49963	5298
49963	5299
49963	5300
49963	5301
49963	5302
49963	5303
49963	5304
49963	5305
49963	5306
49963	5307
49963	5308
49963	5309
49963	5310
49963	5311
49963	5312
49963	5313
49963	5314
49963	5315
49963	5316
49963	5317
49963	5318
49963	5319
49963	5320
49963	5321
49963	5322
49963	5323
49963	5324
49963	5325
49963	5326
49963	5327
49963	5328
49963	5329
49963	5330
49963	5331
49963	5332
49963	5333
49963	5334
49963	5335
49963	5336
49963	5337
49963	5338
49963	5339
49963	5340
49963	5341
49963	5342
49964	5343
49964	5344
49964	5345
49964	5346
49964	5347
49964	5348
49964	5349
49964	5350
49964	5351
49964	5352
49964	5353
49964	5354
49964	5355
49964	5356
49964	5357
49964	5358
49964	5359
49964	5360
49964	5361
49964	5362
49964	5363
49964	5364
49964	5365
49964	5366
49964	5367
49964	5368
49964	5369
49964	5370
49964	5371
49964	5372
49964	5373
49964	5374
49964	5375
49964	5376
49964	5377
49964	5378
49964	5379
49964	5380
49964	5381
49964	5382
49964	5383
49964	5384
49964	5385
49964	5386
49964	5387
49964	5388
49964	5389
49964	5390
49964	5391
49964	5392
49964	5393
49964	5394
49964	5395
49964	5396
49964	5397
49964	5398
49964	5399
49964	5400
49964	5401
49964	5402
49964	5403
49964	5404
49964	5405
49964	5406
49964	5407
49964	5408
49964	5409
49964	5410
49964	5411
49964	5412
49964	5413
49964	5414
49964	5415
49964	5416
49964	5417
49964	5418
49964	5419
49964	5420
49964	5421
49964	5422
49964	5423
49964	5424
49964	5425
49964	5426
49964	5427
49964	5428
49964	5429
49964	5430
49964	5431
49964	5432
49964	5433
49964	5434
49964	5435
49964	5436
49964	5437
49964	5438
49964	5439
49964	5440
49964	5441
49964	5442
49964	5443
49964	5444
49964	5445
49964	5446
49964	5447
49964	5448
49964	5449
49964	5450
49964	5451
49964	5452
49964	5453
49964	5454
49965	5455
49965	5456
49965	5457
49965	5458
49965	5459
49965	5460
49965	5461
49965	5462
49965	5463
49965	5464
49965	5465
49965	5466
49965	5467
49965	5468
49965	5469
49965	5470
49965	5471
49965	5472
49965	5473
49965	5474
49965	5475
49965	5476
49965	5477
49965	5478
49965	5479
49965	5480
49965	5481
49965	5482
49965	5483
49965	5484
49965	5485
49965	5486
49965	5487
49965	5488
49965	5489
49965	5490
49965	5491
49965	5492
49965	5493
49965	5494
49965	5495
49965	5496
49965	5497
49965	5498
49965	5499
49965	5500
49965	5501
49965	5502
49965	5503
49965	5504
49965	5505
49965	5506
49965	5507
49965	5508
49965	5509
49965	5510
49965	5511
49965	5512
49965	5513
49965	5514
49965	5515
49965	5516
49965	5517
49965	5518
49965	5519
49965	5520
49965	5521
49965	5522
49965	5523
49965	5524
49965	5525
49965	5526
49965	5527
49965	5528
49965	5529
49965	5530
49965	5531
49965	5532
49965	5533
49965	5534
49965	5535
49965	5536
49965	5537
49965	5538
49965	5539
49965	5540
49965	5541
49965	5542
49965	5543
49965	5544
49965	5545
49965	5546
49965	5547
49965	5548
49965	5549
49965	5550
49965	5551
49965	5552
49965	5553
49965	5554
49965	5555
49965	5556
49965	5557
49966	5558
49966	5559
49966	5560
49966	5561
49966	5562
49966	5563
49966	5564
49966	5565
49966	5566
49966	5567
49966	5568
49966	5569
49966	5570
49966	5571
49966	5572
49966	5573
49966	5574
49966	5575
49966	5576
49966	5577
49966	5578
49966	5579
49966	5580
49966	5581
49966	5582
49966	5583
49966	5584
49966	5585
49966	5586
49966	5587
49966	5588
49966	5589
49966	5590
49966	5591
49966	5592
49966	5593
49966	5594
49966	5595
49966	5596
49966	5597
49966	5598
49966	5599
49966	5600
49966	5601
49966	5602
49966	5603
49966	5604
49966	5605
49966	5606
49966	5607
49966	5608
49966	5609
49966	5610
49966	5611
49966	5612
49966	5613
49966	5614
49966	5615
49966	5616
49966	5617
49966	5618
49966	5619
49966	5620
49966	5621
49966	5622
49966	5623
49966	5624
49966	5625
49966	5626
49966	5627
49966	5628
49966	5629
49966	5630
49966	5631
49966	5632
49966	5633
49966	5634
49966	5635
49966	5636
49966	5637
49966	5638
49966	5639
49966	5640
49966	5641
49966	5642
49966	5643
49966	5644
49966	5645
49966	5646
49966	5647
49966	5648
49966	5649
49966	5650
49966	5651
49966	5652
49966	5653
49966	5654
49966	5655
49966	5656
49966	5657
49966	5658
49966	5659
49966	5660
49966	5661
49966	5662
49967	5663
49967	5664
49967	5665
49967	5666
49967	5667
49967	5668
49967	5669
49967	5670
49967	5671
49967	5672
49967	5673
49967	5674
49967	5675
49967	5676
49967	5677
49967	5678
49967	5679
49967	5680
49967	5681
49967	5682
49967	5683
49967	5684
49967	5685
49967	5686
49967	5687
49967	5688
49967	5689
49967	5690
49967	5691
49967	5692
49967	5693
49967	5694
49967	5695
49967	5696
49967	5697
49967	5698
49967	5699
49967	5700
49967	5701
49967	5702
49967	5703
49967	5704
49967	5705
49967	5706
49967	5707
49967	5708
49967	5709
49967	5710
49967	5711
49967	5712
49967	5713
49967	5714
49967	5715
49967	5716
49967	5717
49967	5718
49967	5719
49967	5720
49967	5721
49967	5722
49967	5723
49967	5724
49967	5725
49967	5726
49967	5727
49967	5728
49967	5729
49967	5730
49967	5731
49967	5732
49967	5733
49967	5734
49967	5735
49967	5736
49967	5737
49967	5738
49967	5739
49967	5740
49967	5741
49967	5742
49967	5743
49967	5744
49967	5745
49967	5746
49967	5747
49967	5748
49967	5749
49967	5750
49967	5751
49967	5752
49967	5753
49967	5754
49967	5755
49967	5756
49967	5757
49967	5758
49967	5759
49967	5760
49967	5761
49967	5762
49967	5763
49967	5764
49967	5765
49967	5766
49967	5767
49967	5768
49967	5769
49967	5770
49967	5771
49967	5772
49967	5773
49967	5774
49967	5775
49967	5776
49967	5777
49967	5778
49967	5779
49967	5780
49967	5781
49967	5782
49968	5783
49968	5784
49968	5785
49968	5786
49968	5787
49968	5788
49968	5789
49968	5790
49968	5791
49968	5792
49968	5793
49968	5794
49968	5795
49968	5796
49968	5797
49968	5798
49968	5799
49968	5800
49968	5801
49968	5802
49968	5803
49968	5804
49968	5805
49968	5806
49968	5807
49968	5808
49968	5809
49968	5810
49968	5811
49968	5812
49968	5813
49968	5814
49968	5815
49968	5816
49968	5817
49968	5818
49968	5819
49968	5820
49968	5821
49968	5822
49968	5823
49968	5824
49968	5825
49968	5826
49968	5827
49968	5828
49968	5829
49968	5830
49968	5831
49968	5832
49968	5833
49968	5834
49968	5835
49968	5836
49968	5837
49968	5838
49968	5839
49968	5840
49968	5841
49968	5842
49968	5843
49968	5844
49968	5845
49968	5846
49968	5847
49968	5848
49968	5849
49968	5850
49968	5851
49968	5852
49968	5853
49968	5854
49968	5855
49968	5856
49968	5857
49968	5858
49968	5859
49968	5860
49968	5861
49968	5862
49968	5863
49968	5864
49968	5865
49968	5866
49968	5867
49968	5868
49968	5869
49969	5870
49969	5871
49969	5872
49969	5873
49969	5874
49969	5875
49969	5876
49969	5877
49969	5878
49969	5879
49969	5880
49969	5881
49969	5882
49969	5883
49969	5884
49969	5885
49969	5886
49969	5887
49969	5888
49969	5889
49969	5890
49969	5891
49969	5892
49969	5893
49969	5894
49969	5895
49969	5896
49969	5897
49969	5898
49969	5899
49969	5900
49969	5901
49969	5902
49969	5903
49969	5904
49969	5905
49969	5906
49969	5907
49969	5908
49969	5909
49969	5910
49969	5911
49969	5912
49969	5913
49969	5914
49969	5915
49969	5916
49969	5917
49969	5918
49969	5919
49969	5920
49969	5921
49969	5922
49969	5923
49969	5924
49969	5925
49969	5926
49969	5927
49969	5928
49969	5929
49969	5930
49969	5931
49969	5932
49969	5933
49969	5934
49969	5935
49969	5936
49969	5937
49969	5938
49969	5939
49969	5940
49969	5941
49969	5942
49969	5943
49969	5944
49969	5945
49969	5946
49969	5947
49969	5948
49969	5949
49969	5950
49969	5951
49969	5952
49969	5953
49969	5954
49969	5955
49969	5956
49969	5957
49969	5958
49969	5959
49969	5960
49969	5961
49969	5962
49969	5963
49969	5964
49969	5965
49969	5966
49969	5967
49969	5968
49969	5969
49970	5970
49970	5971
49970	5972
49970	5973
49970	5974
49970	5975
49970	5976
49970	5977
49970	5978
49970	5979
49970	5980
49970	5981
49970	5982
49970	5983
49970	5984
49970	5985
49970	5986
49970	5987
49970	5988
49970	5989
49970	5990
49970	5991
49970	5992
49970	5993
49970	5994
49970	5995
49970	5996
49970	5997
49970	5998
49970	5999
49970	6000
49970	6001
49970	6002
49970	6003
49970	6004
49970	6005
49970	6006
49970	6007
49970	6008
49970	6009
49970	6010
49970	6011
49970	6012
49970	6013
49970	6014
49970	6015
49970	6016
49970	6017
49970	6018
49970	6019
49970	6020
49970	6021
49970	6022
49970	6023
49970	6024
49970	6025
49970	6026
49970	6027
49970	6028
49970	6029
49970	6030
49970	6031
49970	6032
49970	6033
49970	6034
49970	6035
49970	6036
49970	6037
49970	6038
49970	6039
49970	6040
49970	6041
49970	6042
49970	6043
49970	6044
49970	6045
49970	6046
49970	6047
49970	6048
49970	6049
49970	6050
49970	6051
49970	6052
49970	6053
49970	6054
49970	6055
49970	6056
49970	6057
49970	6058
49970	6059
49970	6060
49970	6061
49970	6062
49970	6063
49970	6064
49970	6065
49970	6066
49970	6067
49970	6068
49970	6069
49970	6070
49970	6071
49970	6072
49970	6073
49970	6074
49970	6075
49970	6076
49970	6077
49970	6078
49970	6079
49970	6080
49970	6081
49970	6082
49970	6083
49970	6084
49970	6085
49970	6086
49970	6087
49970	6088
49970	6089
49970	6090
49970	6091
49970	6092
49970	6093
49970	6094
49970	6095
49970	6096
49970	6097
49970	6098
49970	6099
49970	6100
49970	6101
49970	6102
49971	6103
49971	6104
49971	6105
49971	6106
49971	6107
49971	6108
49971	6109
49971	6110
49971	6111
49971	6112
49971	6113
49971	6114
49971	6115
49971	6116
49971	6117
49971	6118
49971	6119
49971	6120
49971	6121
49971	6122
49971	6123
49971	6124
49971	6125
49971	6126
49971	6127
49971	6128
49971	6129
49971	6130
49971	6131
49971	6132
49971	6133
49971	6134
49971	6135
49971	6136
49971	6137
49971	6138
49971	6139
49971	6140
49971	6141
49971	6142
49971	6143
49971	6144
49971	6145
49971	6146
49971	6147
49971	6148
49971	6149
49971	6150
49971	6151
49971	6152
49971	6153
49971	6154
49971	6155
49971	6156
49971	6157
49971	6158
49971	6159
49971	6160
49971	6161
49971	6162
49971	6163
49971	6164
49971	6165
49971	6166
49971	6167
49971	6168
49971	6169
49971	6170
49971	6171
49971	6172
49971	6173
49971	6174
49971	6175
49971	6176
49971	6177
49971	6178
49971	6179
49971	6180
49971	6181
49971	6182
49971	6183
49971	6184
49971	6185
49971	6186
49971	6187
49971	6188
49971	6189
49971	6190
49971	6191
49971	6192
49971	6193
49971	6194
49971	6195
49971	6196
49971	6197
49971	6198
49971	6199
49971	6200
49971	6201
49971	6202
49971	6203
49971	6204
49971	6205
49971	6206
49972	6207
49972	6208
49972	6209
49972	6210
49972	6211
49972	6212
49972	6213
49972	6214
49972	6215
49972	6216
49972	6217
49972	6218
49972	6219
49972	6220
49972	6221
49972	6222
49972	6223
49972	6224
49972	6225
49972	6226
49972	6227
49972	6228
49972	6229
49972	6230
49972	6231
49972	6232
49972	6233
49972	6234
49972	6235
49972	6236
49972	6237
49972	6238
49972	6239
49972	6240
49972	6241
49972	6242
49972	6243
49972	6244
49972	6245
49972	6246
49972	6247
49972	6248
49972	6249
49972	6250
49972	6251
49972	6252
49972	6253
49972	6254
49972	6255
49972	6256
49972	6257
49972	6258
49972	6259
49972	6260
49972	6261
49972	6262
49972	6263
49972	6264
49972	6265
49972	6266
49972	6267
49972	6268
49972	6269
49972	6270
49972	6271
49972	6272
49972	6273
49972	6274
49972	6275
49972	6276
49972	6277
49972	6278
49972	6279
49972	6280
49972	6281
49972	6282
49972	6283
49972	6284
49972	6285
49972	6286
49972	6287
49972	6288
49972	6289
49972	6290
49972	6291
49972	6292
49972	6293
49972	6294
49972	6295
49973	6296
49973	6297
49973	6298
49973	6299
49973	6300
49973	6301
49973	6302
49973	6303
49973	6304
49973	6305
49973	6306
49973	6307
49973	6308
49973	6309
49973	6310
49973	6311
49973	6312
49973	6313
49973	6314
49973	6315
49973	6316
49973	6317
49973	6318
49973	6319
49973	6320
49973	6321
49973	6322
49973	6323
49973	6324
49973	6325
49973	6326
49973	6327
49973	6328
49973	6329
49973	6330
49973	6331
49973	6332
49973	6333
49973	6334
49973	6335
49973	6336
49973	6337
49973	6338
49973	6339
49973	6340
49973	6341
49973	6342
49973	6343
49973	6344
49973	6345
49973	6346
49973	6347
49973	6348
49973	6349
49973	6350
49973	6351
49973	6352
49973	6353
49973	6354
49973	6355
49973	6356
49973	6357
49973	6358
49973	6359
49973	6360
49973	6361
49973	6362
49973	6363
49973	6364
49973	6365
49973	6366
49973	6367
49973	6368
49973	6369
49973	6370
49973	6371
49973	6372
49973	6373
49973	6374
49973	6375
49973	6376
49973	6377
49973	6378
49973	6379
49973	6380
49973	6381
49973	6382
49973	6383
49973	6384
49973	6385
49973	6386
49973	6387
49973	6388
49973	6389
49973	6390
49973	6391
49973	6392
49973	6393
49973	6394
49973	6395
49973	6396
49973	6397
49973	6398
49973	6399
49973	6400
49973	6401
49973	6402
49973	6403
49973	6404
49973	6405
49973	6406
49973	6407
49973	6408
49973	6409
49973	6410
49973	6411
49973	6412
49973	6413
49973	6414
49974	6415
49974	6416
49974	6417
49974	6418
49974	6419
49974	6420
49974	6421
49974	6422
49974	6423
49974	6424
49974	6425
49974	6426
49974	6427
49974	6428
49974	6429
49974	6430
49974	6431
49974	6432
49974	6433
49974	6434
49974	6435
49974	6436
49974	6437
49974	6438
49974	6439
49974	6440
49974	6441
49974	6442
49974	6443
49974	6444
49974	6445
49974	6446
49974	6447
49974	6448
49974	6449
49974	6450
49974	6451
49974	6452
49974	6453
49974	6454
49974	6455
49974	6456
49974	6457
49974	6458
49974	6459
49974	6460
49974	6461
49974	6462
49974	6463
49974	6464
49974	6465
49974	6466
49974	6467
49974	6468
49974	6469
49974	6470
49974	6471
49974	6472
49974	6473
49974	6474
49974	6475
49974	6476
49974	6477
49974	6478
49974	6479
49974	6480
49974	6481
49974	6482
49974	6483
49974	6484
49974	6485
49974	6486
49974	6487
49974	6488
49974	6489
49974	6490
49974	6491
49974	6492
49974	6493
49974	6494
49974	6495
49974	6496
49974	6497
49974	6498
49974	6499
49975	6500
49975	6501
49975	6502
49975	6503
49975	6504
49975	6505
49975	6506
49975	6507
49975	6508
49975	6509
49975	6510
49975	6511
49975	6512
49975	6513
49975	6514
49975	6515
49975	6516
49975	6517
49975	6518
49975	6519
49975	6520
49975	6521
49975	6522
49975	6523
49975	6524
49975	6525
49975	6526
49975	6527
49975	6528
49975	6529
49975	6530
49975	6531
49975	6532
49975	6533
49975	6534
49975	6535
49975	6536
49975	6537
49975	6538
49975	6539
49975	6540
49975	6541
49975	6542
49975	6543
49975	6544
49975	6545
49975	6546
49975	6547
49975	6548
49975	6549
49975	6550
49975	6551
49975	6552
49975	6553
49975	6554
49975	6555
49975	6556
49975	6557
49975	6558
49975	6559
49975	6560
49975	6561
49975	6562
49975	6563
49975	6564
49975	6565
49975	6566
49975	6567
49975	6568
49975	6569
49975	6570
49975	6571
49975	6572
49975	6573
49975	6574
49975	6575
49975	6576
49975	6577
49975	6578
49975	6579
49975	6580
49975	6581
49975	6582
49975	6583
49975	6584
49975	6585
49975	6586
49975	6587
49975	6588
49975	6589
49975	6590
49975	6591
49975	6592
49976	6593
49976	6594
49976	6595
49976	6596
49976	6597
49976	6598
49976	6599
49976	6600
49976	6601
49976	6602
49976	6603
49976	6604
49976	6605
49976	6606
49976	6607
49976	6608
49976	6609
49976	6610
49976	6611
49976	6612
49976	6613
49976	6614
49976	6615
49976	6616
49976	6617
49976	6618
49976	6619
49976	6620
49976	6621
49976	6622
49976	6623
49976	6624
49976	6625
49976	6626
49976	6627
49976	6628
49976	6629
49976	6630
49976	6631
49976	6632
49976	6633
49976	6634
49976	6635
49976	6636
49976	6637
49976	6638
49976	6639
49976	6640
49976	6641
49976	6642
49976	6643
49976	6644
49976	6645
49976	6646
49976	6647
49976	6648
49976	6649
49976	6650
49976	6651
49976	6652
49976	6653
49976	6654
49976	6655
49976	6656
49976	6657
49976	6658
49976	6659
49976	6660
49976	6661
49976	6662
49976	6663
49976	6664
49976	6665
49976	6666
49976	6667
49977	6668
49977	6669
49977	6670
49977	6671
49977	6672
49977	6673
49977	6674
49977	6675
49977	6676
49977	6677
49977	6678
49977	6679
49977	6680
49977	6681
49977	6682
49977	6683
49977	6684
49977	6685
49977	6686
49977	6687
49977	6688
49977	6689
49977	6690
49977	6691
49977	6692
49977	6693
49977	6694
49977	6695
49977	6696
49977	6697
49977	6698
49977	6699
49977	6700
49977	6701
49977	6702
49977	6703
49977	6704
49977	6705
49977	6706
49977	6707
49977	6708
49977	6709
49977	6710
49977	6711
49977	6712
49977	6713
49977	6714
49977	6715
49977	6716
49977	6717
49977	6718
49977	6719
49977	6720
49977	6721
49977	6722
49977	6723
49977	6724
49977	6725
49977	6726
49977	6727
49977	6728
49977	6729
49977	6730
49977	6731
49977	6732
49977	6733
49977	6734
49977	6735
49977	6736
49977	6737
49977	6738
49977	6739
49977	6740
49977	6741
49977	6742
49977	6743
49977	6744
49977	6745
49977	6746
49977	6747
49977	6748
49977	6749
49977	6750
49977	6751
49977	6752
49977	6753
49977	6754
49977	6755
49977	6756
49977	6757
49977	6758
49978	6759
49978	6760
49978	6761
49978	6762
49978	6763
49978	6764
49978	6765
49978	6766
49978	6767
49978	6768
49978	6769
49978	6770
49978	6771
49978	6772
49978	6773
49978	6774
49978	6775
49978	6776
49978	6777
49978	6778
49978	6779
49978	6780
49978	6781
49978	6782
49978	6783
49978	6784
49978	6785
49978	6786
49978	6787
49978	6788
49978	6789
49978	6790
49978	6791
49978	6792
49978	6793
49978	6794
49978	6795
49978	6796
49978	6797
49978	6798
49978	6799
49978	6800
49978	6801
49978	6802
49978	6803
49978	6804
49978	6805
49978	6806
49978	6807
49978	6808
49978	6809
49978	6810
49978	6811
49978	6812
49978	6813
49978	6814
49978	6815
49978	6816
49978	6817
49978	6818
49978	6819
49978	6820
49978	6821
49978	6822
49978	6823
49978	6824
49978	6825
49978	6826
49978	6827
49978	6828
49978	6829
49978	6830
49978	6831
49978	6832
49978	6833
49978	6834
49978	6835
49978	6836
49978	6837
49978	6838
49978	6839
49978	6840
49978	6841
49978	6842
49978	6843
49978	6844
49978	6845
49978	6846
49979	6847
49979	6848
49979	6849
49979	6850
49979	6851
49979	6852
49979	6853
49979	6854
49979	6855
49979	6856
49979	6857
49979	6858
49979	6859
49979	6860
49979	6861
49979	6862
49979	6863
49979	6864
49979	6865
49979	6866
49979	6867
49979	6868
49979	6869
49979	6870
49979	6871
49979	6872
49979	6873
49979	6874
49979	6875
49979	6876
49979	6877
49979	6878
49979	6879
49979	6880
49979	6881
49979	6882
49979	6883
49979	6884
49979	6885
49979	6886
49979	6887
49979	6888
49979	6889
49979	6890
49979	6891
49979	6892
49979	6893
49979	6894
49979	6895
49979	6896
49979	6897
49979	6898
49979	6899
49979	6900
49979	6901
49979	6902
49979	6903
49979	6904
49979	6905
49979	6906
49979	6907
49979	6908
49979	6909
49979	6910
49979	6911
49979	6912
49979	6913
49979	6914
49979	6915
49979	6916
49979	6917
49979	6918
49979	6919
49979	6920
49979	6921
49979	6922
49979	6923
49979	6924
49979	6925
49979	6926
49979	6927
49979	6928
49979	6929
49979	6930
49979	6931
49979	6932
49979	6933
49979	6934
49979	6935
49979	6936
49980	6937
49980	6938
49980	6939
49980	6940
49980	6941
49980	6942
49980	6943
49980	6944
49980	6945
49980	6946
49980	6947
49980	6948
49980	6949
49980	6950
49980	6951
49980	6952
49980	6953
49980	6954
49980	6955
49980	6956
49980	6957
49980	6958
49980	6959
49980	6960
49980	6961
49980	6962
49980	6963
49980	6964
49980	6965
49980	6966
49980	6967
49980	6968
49980	6969
49980	6970
49980	6971
49980	6972
49980	6973
49980	6974
49980	6975
49980	6976
49980	6977
49980	6978
49980	6979
49980	6980
49980	6981
49980	6982
49980	6983
49980	6984
49980	6985
49980	6986
49980	6987
49980	6988
49980	6989
49980	6990
49980	6991
49980	6992
49980	6993
49980	6994
49980	6995
49980	6996
49980	6997
49980	6998
49980	6999
49980	7000
49980	7001
49980	7002
49980	7003
49980	7004
49980	7005
49980	7006
49980	7007
49980	7008
49980	7009
49980	7010
49980	7011
49980	7012
49980	7013
49980	7014
49981	7015
49981	7016
49981	7017
49981	7018
49981	7019
49981	7020
49981	7021
49981	7022
49981	7023
49981	7024
49981	7025
49981	7026
49981	7027
49981	7028
49981	7029
49981	7030
49981	7031
49981	7032
49981	7033
49981	7034
49981	7035
49981	7036
49981	7037
49981	7038
49981	7039
49981	7040
49981	7041
49981	7042
49981	7043
49981	7044
49981	7045
49981	7046
49981	7047
49981	7048
49981	7049
49981	7050
49981	7051
49981	7052
49981	7053
49981	7054
49981	7055
49981	7056
49981	7057
49981	7058
49981	7059
49981	7060
49981	7061
49981	7062
49981	7063
49981	7064
49981	7065
49981	7066
49981	7067
49981	7068
49981	7069
49981	7070
49981	7071
49981	7072
49981	7073
49981	7074
49981	7075
49981	7076
49982	7077
49982	7078
49982	7079
49982	7080
49982	7081
49982	7082
49982	7083
49982	7084
49982	7085
49982	7086
49982	7087
49982	7088
49982	7089
49982	7090
49982	7091
49982	7092
49982	7093
49982	7094
49982	7095
49982	7096
49982	7097
49982	7098
49982	7099
49982	7100
49982	7101
49982	7102
49982	7103
49982	7104
49982	7105
49982	7106
49982	7107
49982	7108
49982	7109
49982	7110
49982	7111
49982	7112
49982	7113
49982	7114
49982	7115
49982	7116
49982	7117
49982	7118
49982	7119
49982	7120
49982	7121
49982	7122
49982	7123
49982	7124
49982	7125
49982	7126
49982	7127
49982	7128
49982	7129
49982	7130
49982	7131
49982	7132
49982	7133
49982	7134
49982	7135
49982	7136
49982	7137
49982	7138
49982	7139
49982	7140
49982	7141
49982	7142
49982	7143
49982	7144
49982	7145
49982	7146
49982	7147
49982	7148
49982	7149
49983	7150
49983	7151
49983	7152
49983	7153
49983	7154
49983	7155
49983	7156
49983	7157
49983	7158
49983	7159
49983	7160
49983	7161
49983	7162
49983	7163
49983	7164
49983	7165
49983	7166
49983	7167
49983	7168
49983	7169
49983	7170
49983	7171
49983	7172
49983	7173
49983	7174
49983	7175
49983	7176
49983	7177
49983	7178
49983	7179
49983	7180
49983	7181
49983	7182
49983	7183
49983	7184
49983	7185
49983	7186
49983	7187
49983	7188
49983	7189
49983	7190
49983	7191
49983	7192
49983	7193
49983	7194
49983	7195
49983	7196
49983	7197
49984	7198
49984	7199
49984	7200
49984	7201
49984	7202
49984	7203
49984	7204
49984	7205
49984	7206
49984	7207
49984	7208
49984	7209
49984	7210
49984	7211
49984	7212
49984	7213
49984	7214
49984	7215
49984	7216
49984	7217
49984	7218
49984	7219
49984	7220
49984	7221
49984	7222
49984	7223
49984	7224
49984	7225
49984	7226
49984	7227
49984	7228
49984	7229
49984	7230
49984	7231
49984	7232
49984	7233
49984	7234
49984	7235
49984	7236
49984	7237
49984	7238
49984	7239
49984	7240
49984	7241
49984	7242
49984	7243
49984	7244
49985	7245
49985	7246
49985	7247
49985	7248
49985	7249
49985	7250
49985	7251
49985	7252
49985	7253
49985	7254
49985	7255
49985	7256
49985	7257
49985	7258
49985	7259
49985	7260
49985	7261
49985	7262
49985	7263
49985	7264
49985	7265
49985	7266
49985	7267
49985	7268
49985	7269
49985	7270
49985	7271
49985	7272
49985	7273
49985	7274
49985	7275
49985	7276
49985	7277
49985	7278
49985	7279
49985	7280
49985	7281
49985	7282
49985	7283
49985	7284
49985	7285
49985	7286
49985	7287
49985	7288
49985	7289
49985	7290
49985	7291
49985	7292
49985	7293
49985	7294
49985	7295
49985	7296
49986	7297
49986	7298
49986	7299
49986	7300
49986	7301
49986	7302
49986	7303
49986	7304
49986	7305
49986	7306
49986	7307
49986	7308
49986	7309
49986	7310
49986	7311
49986	7312
49986	7313
49986	7314
49986	7315
49986	7316
49986	7317
49986	7318
49986	7319
49986	7320
49986	7321
49986	7322
49986	7323
49986	7324
49986	7325
49986	7326
49986	7327
49986	7328
49986	7329
49986	7330
49986	7331
49986	7332
49986	7333
49986	7334
49986	7335
49986	7336
49986	7337
49986	7338
49986	7339
49987	7340
49987	7341
49987	7342
49987	7343
49987	7344
49987	7345
49987	7346
49987	7347
49987	7348
49987	7349
49987	7350
49987	7351
49987	7352
49987	7353
49987	7354
49987	7355
49987	7356
49987	7357
49987	7358
49987	7359
49987	7360
49987	7361
49987	7362
49987	7363
49987	7364
49987	7365
49987	7366
49987	7367
49987	7368
49987	7369
49987	7370
49987	7371
49987	7372
49987	7373
49987	7374
49987	7375
49987	7376
49987	7377
49987	7378
49987	7379
49987	7380
49987	7381
49987	7382
49987	7383
49987	7384
49987	7385
49987	7386
49987	7387
49987	7388
49987	7389
49987	7390
49987	7391
49987	7392
49987	7393
49988	7394
49988	7395
49988	7396
49988	7397
49988	7398
49988	7399
49988	7400
49988	7401
49988	7402
49988	7403
49988	7404
49988	7405
49988	7406
49988	7407
49988	7408
49988	7409
49988	7410
49988	7411
49988	7412
49988	7413
49988	7414
49988	7415
49988	7416
49988	7417
49988	7418
49988	7419
49988	7420
49988	7421
49988	7422
49988	7423
49988	7424
49988	7425
49988	7426
49988	7427
49988	7428
49988	7429
49988	7430
49988	7431
49988	7432
49988	7433
49988	7434
49988	7435
49988	7436
49988	7437
49988	7438
49988	7439
49988	7440
49988	7441
49989	7442
49989	7443
49989	7444
49989	7445
49989	7446
49989	7447
49989	7448
49989	7449
49989	7450
49989	7451
49989	7452
49989	7453
49989	7454
49989	7455
49989	7456
49989	7457
49989	7458
49989	7459
49989	7460
49989	7461
49989	7462
49989	7463
49989	7464
49989	7465
49989	7466
49989	7467
49989	7468
49989	7469
49989	7470
49989	7471
49989	7472
49989	7473
49989	7474
49989	7475
49989	7476
49989	7477
49989	7478
49989	7479
49989	7480
49989	7481
49989	7482
49989	7483
49989	7484
49989	7485
49989	7486
49989	7487
49989	7488
49989	7489
49989	7490
49990	7491
49990	7492
49990	7493
49990	7494
49990	7495
49990	7496
49990	7497
49990	7498
49990	7499
49990	7500
49990	7501
49990	7502
49990	7503
49990	7504
49990	7505
49990	7506
49990	7507
49990	7508
49990	7509
49990	7510
49990	7511
49990	7512
49990	7513
49990	7514
49990	7515
49990	7516
49990	7517
49990	7518
49990	7519
49990	7520
49990	7521
49990	7522
49990	7523
49990	7524
49990	7525
49990	7526
49990	7527
49990	7528
49990	7529
49990	7530
49990	7531
49990	7532
49990	7533
49990	7534
49990	7535
49990	7536
49990	7537
49991	7538
49991	7539
49991	7540
49991	7541
49991	7542
49991	7543
49991	7544
49991	7545
49991	7546
49991	7547
49991	7548
49991	7549
49991	7550
49991	7551
49991	7552
49991	7553
49991	7554
49991	7555
49991	7556
49991	7557
49991	7558
49991	7559
49991	7560
49991	7561
49991	7562
49991	7563
49991	7564
49991	7565
49991	7566
49991	7567
49991	7568
49991	7569
49991	7570
49991	7571
49991	7572
49991	7573
49991	7574
49991	7575
49991	7576
49992	7577
49992	7578
49992	7579
49992	7580
49992	7581
49992	7582
49992	7583
49992	7584
49992	7585
49992	7586
49992	7587
49992	7588
49992	7589
49992	7590
49992	7591
49992	7592
49992	7593
49992	7594
49992	7595
49992	7596
49992	7597
49992	7598
49992	7599
49992	7600
49992	7601
49992	7602
49992	7603
49992	7604
49992	7605
49992	7606
49992	7607
49992	7608
49992	7609
49992	7610
49992	7611
49993	7612
49993	7613
49993	7614
49993	7615
49993	7616
49993	7617
49993	7618
49993	7619
49993	7620
49993	7621
49993	7622
49993	7623
49993	7624
49993	7625
49993	7626
49993	7627
49993	7628
49993	7629
49993	7630
49993	7631
49993	7632
49993	7633
49993	7634
49993	7635
49993	7636
49993	7637
49993	7638
49993	7639
49993	7640
49993	7641
49993	7642
49993	7643
49993	7644
49993	7645
49993	7646
49993	7647
49993	7648
49993	7649
49994	7650
49994	7651
49994	7652
49994	7653
49994	7654
49994	7655
49994	7656
49994	7657
49994	7658
49994	7659
49994	7660
49994	7661
49994	7662
49994	7663
49994	7664
49994	7665
49994	7666
49994	7667
49994	7668
49994	7669
49994	7670
49994	7671
49994	7672
49994	7673
49994	7674
49994	7675
49994	7676
49994	7677
49994	7678
49994	7679
49994	7680
49994	7681
49994	7682
49995	7683
49995	7684
49995	7685
49995	7686
49995	7687
49995	7688
49995	7689
49995	7690
49995	7691
49995	7692
49995	7693
49995	7694
49995	7695
49995	7696
49995	7697
49995	7698
49995	7699
49995	7700
49995	7701
49995	7702
49995	7703
49995	7704
49995	7705
49995	7706
49995	7707
49995	7708
49995	7709
49995	7710
49996	7711
49996	7712
49996	7713
49996	7714
49996	7715
49996	7716
49996	7717
49996	7718
49996	7719
49996	7720
49996	7721
49996	7722
49996	7723
49996	7724
49996	7725
49996	7726
49996	7727
49996	7728
49996	7729
49996	7730
49996	7731
49996	7732
49996	7733
49996	7734
49996	7735
49996	7736
49997	7737
49997	7738
49997	7739
49997	7740
49997	7741
49997	7742
49997	7743
49997	7744
49997	7745
49997	7746
49997	7747
49997	7748
49998	7749
49998	7750
49998	7751
49998	7752
49998	7753
49998	7754
49998	7755
49998	7756
49998	7757
49998	7758
49998	7759
49998	7760
49998	7761
49998	7762
49998	7763
49998	7764
49998	7765
49998	7766
