Year	Forefathers
0	1
2651	1
19224	2
20313	3
35173	4
36913	5
37809	6
40277	7
41232	8
42343	9
42825	10
44284	11
44336	12
44934	13
45523	14
45587	15
45625	16
46230	17
46233	18
46508	19
46508	20
46531	21
46668	22
46674	23
46744	24
46777	25
46936	26
47027	27
47049	28
47099	29
47265	30
47324	31
47533	32
47662	33
47857	34
47888	35
48000	36
48038	37
48099	38
48192	39
48328	40
48377	41
48429	42
48552	43
48578	44
48589	45
48601	46
48604	47
48612	48
48694	49
48780	50
48785	51
48813	52
48838	53
48839	54
48865	55
48902	56
48906	57
48916	58
48922	59
48932	60
48933	61
48947	62
48967	63
48982	64
48987	65
49035	66
49097	67
49110	68
49131	69
49137	70
49154	71
49169	72
49169	73
49185	74
49195	75
49204	76
49233	77
49243	78
49244	79
49246	80
49252	81
49268	82
49271	83
49285	84
49316	85
49324	86
49327	87
49329	88
49330	89
49335	90
49336	91
49344	92
49365	93
49368	94
49389	95
49406	96
49420	97
49427	98
49443	99
49444	100
49450	101
49464	102
49465	103
49466	104
49472	105
49475	106
49483	107
49489	108
49491	109
49493	110
49494	111
49498	112
49501	113
49504	114
49519	115
49525	116
49532	117
49536	118
49544	119
49581	120
49583	121
49585	122
49604	123
49607	124
49613	125
49616	126
49624	127
49625	128
49625	129
49630	130
49637	131
49639	132
49642	133
49646	134
49647	135
49650	136
49654	137
49659	138
49660	139
49661	140
49661	141
49663	142
49667	143
49668	144
49672	145
49673	146
49688	147
49690	148
49691	149
49691	150
49698	151
49698	152
49699	153
49700	154
49701	155
49710	156
49711	157
49716	158
49717	159
49727	160
49727	161
49731	162
49731	163
49731	164
49733	165
49734	166
49736	167
49739	168
49741	169
49742	170
49743	171
49746	172
49749	173
49751	174
49751	175
49755	176
49760	177
49761	178
49762	179
49766	180
49768	181
49768	182
49768	183
49770	184
49771	185
49772	186
49772	187
49773	188
49774	189
49775	190
49778	191
49778	192
49779	193
49781	194
49782	195
49784	196
49785	197
49785	198
49788	199
49788	200
49792	201
49794	202
49794	203
49796	204
49797	205
49797	206
49797	207
49798	208
49799	209
49800	210
49801	211
49803	212
49804	213
49804	214
49806	215
49806	216
49807	217
49807	218
49808	219
49808	220
49808	221
49809	222
49812	223
49813	224
49813	225
49814	226
49816	227
49818	228
49819	229
49821	230
49823	231
49825	232
49826	233
49827	234
49828	235
49829	236
49830	237
49831	238
49833	239
49834	240
49835	241
49836	242
49836	243
49836	244
49837	245
49837	246
49838	247
49838	248
49838	249
49839	250
49840	251
49841	252
49842	253
49845	254
49846	255
49846	256
49847	257
49847	258
49848	259
49848	260
49849	261
49851	262
49851	263
49852	264
49853	265
49853	266
49854	267
49856	268
49857	269
49858	270
49858	271
49860	272
49860	273
49860	274
49861	275
49861	276
49864	277
49864	278
49864	279
49864	280
49865	281
49866	282
49866	283
49866	284
49866	285
49866	286
49868	287
49868	288
49869	289
49869	290
49869	291
49870	292
49870	293
49870	294
49871	295
49872	296
49872	297
49873	298
49873	299
49875	300
49875	301
49875	302
49876	303
49877	304
49877	305
49879	306
49881	307
49881	308
49881	309
49881	310
49882	311
49882	312
49882	313
49882	314
49882	315
49882	316
49883	317
49884	318
49885	319
49885	320
49885	321
49886	322
49886	323
49887	324
49887	325
49888	326
49888	327
49888	328
49888	329
49889	330
49889	331
49890	332
49891	333
49891	334
49891	335
49891	336
49892	337
49892	338
49894	339
49895	340
49895	341
49896	342
49896	343
49896	344
49897	345
49897	346
49898	347
49898	348
49899	349
49899	350
49900	351
49901	352
49902	353
49902	354
49902	355
49902	356
49902	357
49903	358
49903	359
49904	360
49905	361
49905	362
49906	363
49906	364
49906	365
49907	366
49907	367
49907	368
49908	369
49908	370
49909	371
49909	372
49909	373
49910	374
49911	375
49911	376
49911	377
49911	378
49912	379
49913	380
49913	381
49913	382
49913	383
49913	384
49914	385
49915	386
49915	387
49915	388
49916	389
49916	390
49916	391
49917	392
49917	393
49917	394
49918	395
49918	396
49918	397
49918	398
49919	399
49919	400
49919	401
49919	402
49920	403
49920	404
49921	405
49921	406
49921	407
49921	408
49921	409
49922	410
49922	411
49922	412
49922	413
49923	414
49923	415
49923	416
49923	417
49923	418
49923	419
49924	420
49924	421
49924	422
49924	423
49924	424
49924	425
49924	426
49925	427
49925	428
49925	429
49925	430
49925	431
49926	432
49926	433
49927	434
49927	435
49927	436
49927	437
49927	438
49927	439
49927	440
49927	441
49928	442
49928	443
49928	444
49928	445
49928	446
49928	447
49928	448
49928	449
49928	450
49929	451
49929	452
49929	453
49930	454
49930	455
49930	456
49930	457
49930	458
49930	459
49930	460
49930	461
49930	462
49930	463
49930	464
49930	465
49931	466
49931	467
49931	468
49931	469
49931	470
49931	471
49932	472
49932	473
49932	474
49932	475
49932	476
49932	477
49932	478
49932	479
49933	480
49933	481
49933	482
49933	483
49933	484
49933	485
49933	486
49933	487
49934	488
49934	489
49934	490
49934	491
49934	492
49934	493
49934	494
49934	495
49934	496
49935	497
49935	498
49935	499
49935	500
49935	501
49935	502
49935	503
49935	504
49935	505
49935	506
49935	507
49936	508
49936	509
49936	510
49936	511
49936	512
49936	513
49936	514
49936	515
49936	516
49936	517
49936	518
49936	519
49936	520
49936	521
49937	522
49937	523
49937	524
49937	525
49937	526
49937	527
49938	528
49938	529
49938	530
49938	531
49938	532
49938	533
49938	534
49938	535
49939	536
49939	537
49939	538
49939	539
49939	540
49939	541
49939	542
49939	543
49939	544
49939	545
49939	546
49939	547
49940	548
49940	549
49940	550
49940	551
49940	552
49940	553
49940	554
49940	555
49940	556
49940	557
49940	558
49940	559
49941	560
49941	561
49941	562
49941	563
49941	564
49941	565
49941	566
49941	567
49941	568
49942	569
49942	570
49942	571
49942	572
49942	573
49942	574
49942	575
49942	576
49942	577
49942	578
49942	579
49943	580
49943	581
49943	582
49943	583
49943	584
49943	585
49943	586
49943	587
49943	588
49943	589
49944	590
49944	591
49944	592
49944	593
49944	594
49944	595
49944	596
49944	597
49944	598
49944	599
49944	600
49944	601
49944	602
49944	603
49945	604
49945	605
49945	606
49945	607
49945	608
49945	609
49945	610
49945	611
49945	612
49945	613
49945	614
49945	615
49945	616
49945	617
49945	618
49945	619
49946	620
49946	621
49946	622
49946	623
49946	624
49946	625
49946	626
49946	627
49946	628
49946	629
49946	630
49946	631
49946	632
49946	633
49946	634
49946	635
49947	636
49947	637
49947	638
49947	639
49947	640
49947	641
49947	642
49947	643
49947	644
49947	645
49947	646
49947	647
49947	648
49947	649
49947	650
49947	651
49947	652
49947	653
49948	654
49948	655
49948	656
49948	657
49948	658
49948	659
49949	660
49949	661
49949	662
49949	663
49949	664
49949	665
49949	666
49949	667
49949	668
49949	669
49949	670
49949	671
49949	672
49949	673
49949	674
49950	675
49950	676
49950	677
49950	678
49950	679
49950	680
49950	681
49950	682
49950	683
49950	684
49950	685
49950	686
49950	687
49951	688
49951	689
49951	690
49951	691
49951	692
49951	693
49951	694
49951	695
49951	696
49952	697
49952	698
49952	699
49952	700
49952	701
49952	702
49952	703
49952	704
49952	705
49953	706
49953	707
49953	708
49953	709
49953	710
49953	711
49953	712
49953	713
49953	714
49953	715
49954	716
49954	717
49954	718
49954	719
49954	720
49954	721
49954	722
49954	723
49954	724
49954	725
49954	726
49954	727
49954	728
49954	729
49954	730
49954	731
49954	732
49955	733
49955	734
49955	735
49955	736
49955	737
49955	738
49955	739
49955	740
49955	741
49955	742
49955	743
49955	744
49955	745
49955	746
49955	747
49955	748
49955	749
49955	750
49955	751
49956	752
49956	753
49956	754
49956	755
49956	756
49956	757
49956	758
49956	759
49956	760
49956	761
49956	762
49957	763
49957	764
49957	765
49957	766
49957	767
49957	768
49957	769
49957	770
49957	771
49957	772
49957	773
49957	774
49957	775
49958	776
49958	777
49958	778
49958	779
49958	780
49958	781
49958	782
49958	783
49958	784
49958	785
49958	786
49958	787
49958	788
49958	789
49958	790
49958	791
49958	792
49958	793
49958	794
49958	795
49958	796
49958	797
49958	798
49959	799
49959	800
49959	801
49959	802
49959	803
49959	804
49959	805
49959	806
49959	807
49959	808
49959	809
49959	810
49959	811
49959	812
49959	813
49959	814
49959	815
49960	816
49960	817
49960	818
49960	819
49960	820
49960	821
49960	822
49960	823
49960	824
49960	825
49960	826
49960	827
49960	828
49960	829
49960	830
49960	831
49960	832
49961	833
49961	834
49961	835
49961	836
49961	837
49961	838
49961	839
49961	840
49961	841
49961	842
49961	843
49961	844
49961	845
49961	846
49961	847
49961	848
49961	849
49961	850
49961	851
49961	852
49961	853
49961	854
49961	855
49962	856
49962	857
49962	858
49962	859
49962	860
49962	861
49962	862
49962	863
49962	864
49962	865
49962	866
49962	867
49962	868
49962	869
49962	870
49962	871
49962	872
49962	873
49962	874
49962	875
49962	876
49962	877
49962	878
49963	879
49963	880
49963	881
49963	882
49963	883
49963	884
49963	885
49963	886
49963	887
49964	888
49964	889
49964	890
49964	891
49964	892
49964	893
49964	894
49964	895
49964	896
49964	897
49964	898
49964	899
49964	900
49964	901
49964	902
49964	903
49964	904
49964	905
49964	906
49964	907
49964	908
49965	909
49965	910
49965	911
49965	912
49965	913
49965	914
49965	915
49965	916
49965	917
49965	918
49965	919
49965	920
49965	921
49965	922
49965	923
49965	924
49965	925
49965	926
49965	927
49965	928
49965	929
49965	930
49965	931
49965	932
49966	933
49966	934
49966	935
49966	936
49966	937
49966	938
49966	939
49966	940
49966	941
49966	942
49966	943
49966	944
49966	945
49966	946
49966	947
49966	948
49966	949
49967	950
49967	951
49967	952
49967	953
49967	954
49967	955
49967	956
49967	957
49967	958
49967	959
49968	960
49968	961
49968	962
49968	963
49968	964
49968	965
49968	966
49968	967
49968	968
49968	969
49968	970
49968	971
49968	972
49968	973
49968	974
49968	975
49968	976
49968	977
49968	978
49968	979
49969	980
49969	981
49969	982
49969	983
49970	984
49970	985
49970	986
49970	987
49970	988
49970	989
49970	990
49970	991
49970	992
49970	993
49970	994
49970	995
49971	996
49971	997
49971	998
49971	999
49971	1000
49971	1001
49971	1002
49971	1003
49971	1004
49971	1005
49971	1006
49971	1007
49971	1008
49971	1009
49971	1010
49971	1011
49971	1012
49971	1013
49971	1014
49971	1015
49971	1016
49971	1017
49971	1018
49971	1019
49971	1020
49971	1021
49972	1022
49972	1023
49972	1024
49972	1025
49972	1026
49972	1027
49973	1028
49973	1029
49973	1030
49973	1031
49973	1032
49973	1033
49973	1034
49973	1035
49973	1036
49973	1037
49973	1038
49973	1039
49973	1040
49973	1041
49973	1042
49974	1043
49974	1044
49974	1045
49974	1046
49974	1047
49974	1048
49974	1049
49974	1050
49974	1051
49974	1052
49974	1053
49975	1054
49975	1055
49975	1056
49975	1057
49975	1058
49975	1059
49975	1060
49975	1061
49975	1062
49975	1063
49975	1064
49976	1065
49976	1066
49976	1067
49976	1068
49976	1069
49976	1070
49976	1071
49976	1072
49976	1073
49976	1074
49976	1075
49976	1076
49976	1077
49976	1078
49976	1079
49976	1080
49976	1081
49977	1082
49977	1083
49977	1084
49977	1085
49977	1086
49977	1087
49977	1088
49977	1089
49977	1090
49977	1091
49977	1092
49977	1093
49977	1094
49977	1095
49977	1096
49977	1097
49977	1098
49977	1099
49977	1100
49977	1101
49977	1102
49978	1103
49978	1104
49978	1105
49978	1106
49978	1107
49978	1108
49978	1109
49978	1110
49979	1111
49979	1112
49979	1113
49979	1114
49979	1115
49979	1116
49979	1117
49980	1118
49980	1119
49980	1120
49980	1121
49980	1122
49980	1123
49980	1124
49980	1125
49980	1126
49980	1127
49980	1128
49980	1129
49981	1130
49981	1131
49981	1132
49981	1133
49981	1134
49981	1135
49981	1136
49981	1137
49981	1138
49982	1139
49982	1140
49982	1141
49982	1142
49982	1143
49982	1144
49982	1145
49982	1146
49982	1147
49982	1148
49982	1149
49982	1150
49983	1151
49983	1152
49983	1153
49983	1154
49983	1155
49983	1156
49983	1157
49983	1158
49983	1159
49983	1160
49984	1161
49984	1162
49984	1163
49984	1164
49984	1165
49984	1166
49984	1167
49984	1168
49984	1169
49985	1170
49985	1171
49985	1172
49985	1173
49985	1174
49985	1175
49985	1176
49985	1177
49986	1178
49986	1179
49986	1180
49986	1181
49986	1182
49986	1183
49986	1184
49986	1185
49986	1186
49987	1187
49987	1188
49987	1189
49987	1190
49987	1191
49987	1192
49988	1193
49988	1194
49988	1195
49988	1196
49988	1197
49989	1198
49989	1199
49989	1200
49989	1201
49989	1202
49990	1203
49990	1204
49990	1205
49990	1206
49990	1207
49990	1208
49990	1209
49990	1210
49991	1211
49991	1212
49991	1213
49991	1214
49991	1215
49992	1216
49992	1217
49992	1218
49992	1219
49992	1220
49993	1221
49993	1222
49993	1223
49993	1224
49993	1225
49994	1226
49994	1227
49994	1228
49994	1229
49994	1230
49995	1231
49995	1232
49995	1233
49995	1234
49996	1235
49996	1236
49997	1237
49997	1238
49997	1239
49997	1240
49997	1241
49997	1242
49997	1243
49998	1244
49998	1245
