Year	Foremothers
0	1
9895	2
11452	3
18489	4
27325	5
30225	6
30250	7
30983	8
32604	9
33172	10
34772	11
35785	12
36875	13
37671	14
38069	15
38821	16
38982	17
39319	18
39630	19
40864	20
40920	21
42475	22
43035	23
43112	24
43581	25
44247	26
44270	27
44276	28
44621	29
44734	30
44828	31
44912	32
45030	33
45032	34
45126	35
45797	36
45956	37
46144	38
46458	39
46473	40
46592	41
46593	42
46603	43
46627	44
46694	45
46700	46
46826	47
46888	48
47004	49
47100	50
47105	51
47118	52
47165	53
47191	54
47316	55
47369	56
47433	57
47509	58
47566	59
47585	60
47593	61
47606	62
47623	63
47651	64
47689	65
47712	66
47720	67
47752	68
47801	69
47810	70
47834	71
47836	72
47845	73
47859	74
47900	75
47985	76
48001	77
48045	78
48098	79
48154	80
48159	81
48179	82
48179	83
48205	84
48222	85
48232	86
48263	87
48269	88
48276	89
48289	90
48306	91
48307	92
48318	93
48363	94
48363	95
48366	96
48367	97
48385	98
48411	99
48430	100
48444	101
48451	102
48472	103
48476	104
48478	105
48492	106
48499	107
48501	108
48504	109
48525	110
48528	111
48553	112
48563	113
48564	114
48571	115
48579	116
48600	117
48627	118
48634	119
48634	120
48634	121
48649	122
48674	123
48676	124
48678	125
48681	126
48684	127
48718	128
48726	129
48782	130
48788	131
48797	132
48799	133
48805	134
48806	135
48812	136
48832	137
48834	138
48842	139
48861	140
48866	141
48870	142
48872	143
48885	144
48886	145
48892	146
48898	147
48900	148
48910	149
48921	150
48924	151
48927	152
48948	153
48953	154
48957	155
48975	156
48978	157
48985	158
48996	159
49004	160
49013	161
49023	162
49026	163
49028	164
49028	165
49039	166
49044	167
49045	168
49057	169
49072	170
49073	171
49075	172
49076	173
49084	174
49087	175
49090	176
49092	177
49093	178
49104	179
49111	180
49121	181
49124	182
49127	183
49140	184
49140	185
49141	186
49142	187
49151	188
49154	189
49156	190
49159	191
49167	192
49171	193
49176	194
49179	195
49184	196
49185	197
49186	198
49190	199
49191	200
49193	201
49199	202
49202	203
49205	204
49230	205
49231	206
49232	207
49233	208
49234	209
49241	210
49247	211
49260	212
49262	213
49267	214
49272	215
49272	216
49275	217
49276	218
49280	219
49284	220
49290	221
49293	222
49296	223
49297	224
49299	225
49301	226
49303	227
49303	228
49306	229
49314	230
49317	231
49318	232
49321	233
49324	234
49325	235
49328	236
49329	237
49332	238
49332	239
49342	240
49344	241
49348	242
49349	243
49349	244
49350	245
49352	246
49354	247
49357	248
49357	249
49364	250
49364	251
49368	252
49371	253
49372	254
49378	255
49381	256
49385	257
49386	258
49390	259
49397	260
49398	261
49398	262
49399	263
49399	264
49400	265
49403	266
49404	267
49405	268
49410	269
49411	270
49414	271
49419	272
49420	273
49423	274
49431	275
49432	276
49435	277
49435	278
49435	279
49444	280
49444	281
49446	282
49448	283
49450	284
49453	285
49455	286
49456	287
49456	288
49459	289
49460	290
49461	291
49468	292
49468	293
49468	294
49470	295
49470	296
49471	297
49474	298
49478	299
49483	300
49484	301
49486	302
49487	303
49488	304
49490	305
49492	306
49492	307
49493	308
49495	309
49501	310
49502	311
49504	312
49504	313
49505	314
49505	315
49507	316
49507	317
49508	318
49510	319
49510	320
49511	321
49511	322
49513	323
49513	324
49514	325
49519	326
49519	327
49520	328
49520	329
49522	330
49523	331
49524	332
49526	333
49527	334
49529	335
49529	336
49531	337
49534	338
49534	339
49534	340
49535	341
49539	342
49541	343
49542	344
49546	345
49547	346
49547	347
49547	348
49550	349
49550	350
49550	351
49550	352
49551	353
49553	354
49554	355
49555	356
49557	357
49559	358
49562	359
49564	360
49565	361
49567	362
49568	363
49572	364
49572	365
49573	366
49574	367
49575	368
49575	369
49576	370
49576	371
49576	372
49577	373
49578	374
49578	375
49579	376
49579	377
49580	378
49583	379
49583	380
49584	381
49584	382
49585	383
49585	384
49585	385
49587	386
49588	387
49588	388
49589	389
49589	390
49589	391
49589	392
49589	393
49593	394
49594	395
49597	396
49598	397
49598	398
49602	399
49603	400
49606	401
49607	402
49608	403
49611	404
49611	405
49613	406
49614	407
49615	408
49616	409
49620	410
49620	411
49621	412
49621	413
49622	414
49623	415
49623	416
49625	417
49626	418
49627	419
49628	420
49630	421
49630	422
49631	423
49633	424
49633	425
49634	426
49635	427
49636	428
49637	429
49637	430
49638	431
49639	432
49641	433
49641	434
49641	435
49642	436
49642	437
49644	438
49644	439
49645	440
49647	441
49647	442
49648	443
49648	444
49649	445
49649	446
49649	447
49649	448
49651	449
49651	450
49652	451
49652	452
49653	453
49655	454
49655	455
49656	456
49658	457
49658	458
49660	459
49660	460
49662	461
49662	462
49663	463
49663	464
49664	465
49666	466
49666	467
49666	468
49667	469
49670	470
49671	471
49672	472
49672	473
49673	474
49673	475
49674	476
49674	477
49675	478
49676	479
49676	480
49676	481
49677	482
49677	483
49678	484
49679	485
49679	486
49680	487
49681	488
49683	489
49683	490
49684	491
49684	492
49685	493
49685	494
49687	495
49687	496
49687	497
49688	498
49689	499
49689	500
49689	501
49689	502
49690	503
49690	504
49691	505
49691	506
49691	507
49692	508
49693	509
49693	510
49696	511
49698	512
49698	513
49699	514
49700	515
49700	516
49701	517
49702	518
49703	519
49704	520
49705	521
49705	522
49706	523
49706	524
49706	525
49707	526
49707	527
49708	528
49708	529
49710	530
49711	531
49712	532
49713	533
49713	534
49713	535
49713	536
49714	537
49714	538
49716	539
49716	540
49717	541
49717	542
49718	543
49719	544
49719	545
49719	546
49719	547
49719	548
49720	549
49720	550
49721	551
49722	552
49723	553
49724	554
49724	555
49725	556
49725	557
49726	558
49726	559
49728	560
49729	561
49730	562
49730	563
49730	564
49731	565
49731	566
49732	567
49732	568
49732	569
49732	570
49733	571
49734	572
49735	573
49736	574
49736	575
49737	576
49737	577
49737	578
49738	579
49739	580
49739	581
49740	582
49741	583
49741	584
49742	585
49742	586
49744	587
49744	588
49745	589
49745	590
49745	591
49746	592
49747	593
49747	594
49747	595
49747	596
49748	597
49748	598
49748	599
49748	600
49749	601
49749	602
49749	603
49750	604
49752	605
49752	606
49752	607
49753	608
49753	609
49753	610
49754	611
49754	612
49754	613
49755	614
49755	615
49756	616
49756	617
49757	618
49758	619
49758	620
49758	621
49759	622
49759	623
49759	624
49759	625
49760	626
49760	627
49760	628
49761	629
49762	630
49762	631
49763	632
49763	633
49763	634
49764	635
49764	636
49764	637
49764	638
49764	639
49765	640
49765	641
49767	642
49767	643
49768	644
49768	645
49769	646
49770	647
49770	648
49770	649
49770	650
49771	651
49771	652
49771	653
49772	654
49772	655
49773	656
49773	657
49773	658
49774	659
49774	660
49775	661
49775	662
49775	663
49776	664
49776	665
49776	666
49777	667
49777	668
49778	669
49778	670
49778	671
49779	672
49779	673
49779	674
49779	675
49780	676
49780	677
49781	678
49781	679
49781	680
49783	681
49783	682
49784	683
49784	684
49784	685
49784	686
49784	687
49784	688
49785	689
49786	690
49786	691
49786	692
49787	693
49788	694
49788	695
49788	696
49789	697
49789	698
49789	699
49790	700
49791	701
49791	702
49791	703
49791	704
49791	705
49792	706
49792	707
49792	708
49793	709
49793	710
49794	711
49794	712
49794	713
49794	714
49794	715
49794	716
49795	717
49795	718
49796	719
49796	720
49797	721
49797	722
49797	723
49797	724
49798	725
49798	726
49798	727
49799	728
49799	729
49799	730
49800	731
49800	732
49800	733
49801	734
49801	735
49801	736
49802	737
49802	738
49802	739
49802	740
49802	741
49803	742
49803	743
49803	744
49803	745
49804	746
49805	747
49805	748
49806	749
49806	750
49806	751
49806	752
49806	753
49806	754
49806	755
49806	756
49806	757
49807	758
49808	759
49809	760
49809	761
49809	762
49809	763
49810	764
49811	765
49811	766
49811	767
49811	768
49812	769
49812	770
49813	771
49813	772
49813	773
49813	774
49813	775
49813	776
49813	777
49813	778
49814	779
49814	780
49814	781
49815	782
49815	783
49815	784
49815	785
49815	786
49816	787
49816	788
49816	789
49816	790
49817	791
49817	792
49817	793
49818	794
49818	795
49818	796
49819	797
49819	798
49819	799
49819	800
49819	801
49819	802
49819	803
49819	804
49820	805
49820	806
49820	807
49820	808
49820	809
49820	810
49821	811
49821	812
49821	813
49821	814
49821	815
49822	816
49823	817
49823	818
49823	819
49824	820
49824	821
49824	822
49824	823
49824	824
49824	825
49824	826
49824	827
49824	828
49824	829
49825	830
49825	831
49825	832
49825	833
49825	834
49826	835
49826	836
49826	837
49827	838
49828	839
49828	840
49828	841
49828	842
49828	843
49828	844
49829	845
49829	846
49829	847
49829	848
49829	849
49830	850
49830	851
49830	852
49830	853
49830	854
49830	855
49830	856
49830	857
49830	858
49831	859
49831	860
49831	861
49831	862
49832	863
49832	864
49832	865
49832	866
49832	867
49833	868
49833	869
49833	870
49833	871
49834	872
49834	873
49834	874
49834	875
49834	876
49834	877
49834	878
49834	879
49835	880
49835	881
49835	882
49835	883
49835	884
49835	885
49836	886
49836	887
49836	888
49836	889
49836	890
49836	891
49837	892
49837	893
49837	894
49838	895
49838	896
49838	897
49838	898
49838	899
49838	900
49838	901
49838	902
49839	903
49839	904
49839	905
49840	906
49840	907
49840	908
49841	909
49841	910
49842	911
49842	912
49842	913
49842	914
49842	915
49842	916
49842	917
49842	918
49843	919
49843	920
49844	921
49844	922
49844	923
49844	924
49844	925
49844	926
49845	927
49845	928
49845	929
49846	930
49846	931
49846	932
49846	933
49847	934
49847	935
49847	936
49847	937
49847	938
49847	939
49847	940
49847	941
49848	942
49848	943
49848	944
49848	945
49848	946
49849	947
49849	948
49849	949
49850	950
49850	951
49850	952
49850	953
49850	954
49850	955
49850	956
49850	957
49851	958
49851	959
49851	960
49851	961
49851	962
49851	963
49851	964
49852	965
49852	966
49852	967
49853	968
49853	969
49853	970
49853	971
49853	972
49854	973
49854	974
49854	975
49854	976
49854	977
49854	978
49854	979
49854	980
49854	981
49854	982
49855	983
49855	984
49855	985
49855	986
49855	987
49856	988
49856	989
49856	990
49856	991
49856	992
49856	993
49857	994
49857	995
49857	996
49857	997
49857	998
49858	999
49858	1000
49858	1001
49858	1002
49858	1003
49858	1004
49858	1005
49858	1006
49858	1007
49858	1008
49858	1009
49859	1010
49859	1011
49859	1012
49859	1013
49859	1014
49859	1015
49859	1016
49859	1017
49859	1018
49860	1019
49860	1020
49860	1021
49861	1022
49861	1023
49861	1024
49861	1025
49861	1026
49861	1027
49861	1028
49861	1029
49861	1030
49861	1031
49862	1032
49862	1033
49862	1034
49862	1035
49862	1036
49862	1037
49862	1038
49862	1039
49862	1040
49862	1041
49862	1042
49863	1043
49863	1044
49863	1045
49863	1046
49863	1047
49863	1048
49864	1049
49864	1050
49864	1051
49864	1052
49864	1053
49864	1054
49865	1055
49865	1056
49865	1057
49866	1058
49866	1059
49866	1060
49866	1061
49867	1062
49867	1063
49867	1064
49867	1065
49867	1066
49867	1067
49867	1068
49867	1069
49867	1070
49867	1071
49867	1072
49868	1073
49868	1074
49868	1075
49868	1076
49868	1077
49868	1078
49868	1079
49868	1080
49869	1081
49869	1082
49869	1083
49870	1084
49870	1085
49870	1086
49870	1087
49870	1088
49870	1089
49871	1090
49871	1091
49871	1092
49872	1093
49872	1094
49872	1095
49872	1096
49872	1097
49872	1098
49872	1099
49872	1100
49872	1101
49872	1102
49872	1103
49873	1104
49873	1105
49873	1106
49873	1107
49873	1108
49873	1109
49874	1110
49874	1111
49874	1112
49874	1113
49874	1114
49874	1115
49874	1116
49875	1117
49875	1118
49875	1119
49875	1120
49875	1121
49875	1122
49876	1123
49876	1124
49876	1125
49876	1126
49876	1127
49876	1128
49876	1129
49876	1130
49877	1131
49877	1132
49877	1133
49877	1134
49877	1135
49877	1136
49877	1137
49878	1138
49878	1139
49878	1140
49878	1141
49878	1142
49878	1143
49878	1144
49878	1145
49878	1146
49879	1147
49879	1148
49879	1149
49879	1150
49879	1151
49880	1152
49880	1153
49880	1154
49880	1155
49880	1156
49880	1157
49880	1158
49881	1159
49881	1160
49881	1161
49881	1162
49881	1163
49881	1164
49882	1165
49882	1166
49882	1167
49882	1168
49882	1169
49882	1170
49882	1171
49883	1172
49883	1173
49883	1174
49883	1175
49883	1176
49883	1177
49883	1178
49883	1179
49883	1180
49883	1181
49883	1182
49884	1183
49884	1184
49884	1185
49884	1186
49884	1187
49885	1188
49885	1189
49885	1190
49885	1191
49885	1192
49885	1193
49885	1194
49885	1195
49885	1196
49885	1197
49886	1198
49886	1199
49886	1200
49886	1201
49886	1202
49886	1203
49886	1204
49886	1205
49886	1206
49886	1207
49886	1208
49886	1209
49886	1210
49886	1211
49887	1212
49887	1213
49887	1214
49887	1215
49887	1216
49887	1217
49887	1218
49887	1219
49887	1220
49888	1221
49888	1222
49888	1223
49888	1224
49888	1225
49888	1226
49888	1227
49888	1228
49889	1229
49889	1230
49889	1231
49889	1232
49889	1233
49889	1234
49889	1235
49889	1236
49889	1237
49890	1238
49890	1239
49890	1240
49890	1241
49890	1242
49890	1243
49890	1244
49890	1245
49890	1246
49890	1247
49891	1248
49891	1249
49891	1250
49891	1251
49891	1252
49891	1253
49891	1254
49891	1255
49891	1256
49891	1257
49891	1258
49891	1259
49892	1260
49892	1261
49892	1262
49892	1263
49892	1264
49892	1265
49892	1266
49892	1267
49892	1268
49892	1269
49892	1270
49893	1271
49893	1272
49893	1273
49893	1274
49893	1275
49893	1276
49893	1277
49893	1278
49893	1279
49893	1280
49894	1281
49894	1282
49894	1283
49894	1284
49894	1285
49894	1286
49894	1287
49894	1288
49894	1289
49894	1290
49894	1291
49894	1292
49895	1293
49895	1294
49895	1295
49895	1296
49895	1297
49895	1298
49895	1299
49895	1300
49896	1301
49896	1302
49896	1303
49896	1304
49896	1305
49896	1306
49896	1307
49896	1308
49896	1309
49897	1310
49897	1311
49897	1312
49897	1313
49897	1314
49897	1315
49897	1316
49897	1317
49897	1318
49897	1319
49898	1320
49898	1321
49898	1322
49898	1323
49898	1324
49898	1325
49898	1326
49898	1327
49898	1328
49898	1329
49898	1330
49898	1331
49898	1332
49898	1333
49898	1334
49898	1335
49898	1336
49899	1337
49899	1338
49899	1339
49899	1340
49899	1341
49899	1342
49899	1343
49899	1344
49899	1345
49900	1346
49900	1347
49900	1348
49900	1349
49900	1350
49900	1351
49900	1352
49900	1353
49900	1354
49900	1355
49900	1356
49901	1357
49901	1358
49901	1359
49901	1360
49901	1361
49901	1362
49901	1363
49901	1364
49901	1365
49901	1366
49901	1367
49901	1368
49901	1369
49902	1370
49902	1371
49902	1372
49902	1373
49902	1374
49902	1375
49902	1376
49902	1377
49902	1378
49902	1379
49902	1380
49902	1381
49902	1382
49902	1383
49902	1384
49903	1385
49903	1386
49903	1387
49903	1388
49903	1389
49903	1390
49903	1391
49903	1392
49903	1393
49903	1394
49903	1395
49903	1396
49903	1397
49903	1398
49903	1399
49904	1400
49904	1401
49904	1402
49904	1403
49904	1404
49904	1405
49904	1406
49904	1407
49904	1408
49904	1409
49904	1410
49904	1411
49904	1412
49904	1413
49904	1414
49904	1415
49904	1416
49905	1417
49905	1418
49905	1419
49905	1420
49905	1421
49905	1422
49905	1423
49905	1424
49905	1425
49905	1426
49906	1427
49906	1428
49906	1429
49906	1430
49906	1431
49906	1432
49906	1433
49906	1434
49906	1435
49906	1436
49906	1437
49906	1438
49906	1439
49906	1440
49906	1441
49907	1442
49907	1443
49907	1444
49907	1445
49907	1446
49907	1447
49907	1448
49907	1449
49907	1450
49907	1451
49907	1452
49907	1453
49907	1454
49907	1455
49907	1456
49907	1457
49907	1458
49908	1459
49908	1460
49908	1461
49908	1462
49908	1463
49908	1464
49908	1465
49908	1466
49908	1467
49908	1468
49908	1469
49908	1470
49908	1471
49909	1472
49909	1473
49909	1474
49909	1475
49909	1476
49909	1477
49909	1478
49909	1479
49909	1480
49910	1481
49910	1482
49910	1483
49910	1484
49910	1485
49910	1486
49910	1487
49910	1488
49910	1489
49910	1490
49910	1491
49910	1492
49910	1493
49910	1494
49910	1495
49910	1496
49910	1497
49910	1498
49911	1499
49911	1500
49911	1501
49911	1502
49911	1503
49911	1504
49911	1505
49911	1506
49911	1507
49911	1508
49912	1509
49912	1510
49912	1511
49912	1512
49912	1513
49912	1514
49912	1515
49912	1516
49912	1517
49912	1518
49912	1519
49912	1520
49912	1521
49912	1522
49912	1523
49912	1524
49912	1525
49912	1526
49912	1527
49912	1528
49913	1529
49913	1530
49913	1531
49913	1532
49913	1533
49913	1534
49913	1535
49913	1536
49913	1537
49913	1538
49913	1539
49913	1540
49913	1541
49913	1542
49914	1543
49914	1544
49914	1545
49914	1546
49914	1547
49914	1548
49914	1549
49914	1550
49914	1551
49914	1552
49914	1553
49914	1554
49914	1555
49914	1556
49914	1557
49914	1558
49915	1559
49915	1560
49915	1561
49915	1562
49915	1563
49915	1564
49915	1565
49915	1566
49915	1567
49915	1568
49915	1569
49915	1570
49915	1571
49915	1572
49915	1573
49916	1574
49916	1575
49916	1576
49916	1577
49916	1578
49916	1579
49916	1580
49916	1581
49916	1582
49916	1583
49916	1584
49916	1585
49916	1586
49916	1587
49916	1588
49917	1589
49917	1590
49917	1591
49917	1592
49917	1593
49917	1594
49917	1595
49917	1596
49917	1597
49917	1598
49917	1599
49917	1600
49917	1601
49917	1602
49917	1603
49918	1604
49918	1605
49918	1606
49918	1607
49918	1608
49918	1609
49918	1610
49918	1611
49918	1612
49918	1613
49918	1614
49918	1615
49918	1616
49918	1617
49918	1618
49918	1619
49919	1620
49919	1621
49919	1622
49919	1623
49919	1624
49919	1625
49919	1626
49919	1627
49919	1628
49919	1629
49919	1630
49919	1631
49919	1632
49920	1633
49920	1634
49920	1635
49920	1636
49920	1637
49920	1638
49920	1639
49920	1640
49920	1641
49920	1642
49920	1643
49920	1644
49920	1645
49920	1646
49920	1647
49920	1648
49921	1649
49921	1650
49921	1651
49921	1652
49921	1653
49921	1654
49921	1655
49921	1656
49921	1657
49921	1658
49921	1659
49921	1660
49921	1661
49921	1662
49921	1663
49921	1664
49921	1665
49921	1666
49921	1667
49921	1668
49921	1669
49921	1670
49922	1671
49922	1672
49922	1673
49922	1674
49922	1675
49922	1676
49922	1677
49922	1678
49922	1679
49922	1680
49922	1681
49922	1682
49922	1683
49922	1684
49922	1685
49922	1686
49922	1687
49922	1688
49922	1689
49922	1690
49922	1691
49923	1692
49923	1693
49923	1694
49923	1695
49923	1696
49923	1697
49923	1698
49923	1699
49923	1700
49923	1701
49923	1702
49923	1703
49923	1704
49923	1705
49923	1706
49923	1707
49923	1708
49923	1709
49923	1710
49923	1711
49923	1712
49924	1713
49924	1714
49924	1715
49924	1716
49924	1717
49924	1718
49924	1719
49924	1720
49924	1721
49924	1722
49924	1723
49924	1724
49924	1725
49924	1726
49924	1727
49924	1728
49924	1729
49924	1730
49924	1731
49924	1732
49924	1733
49924	1734
49924	1735
49924	1736
49924	1737
49924	1738
49925	1739
49925	1740
49925	1741
49925	1742
49925	1743
49925	1744
49925	1745
49925	1746
49925	1747
49925	1748
49925	1749
49925	1750
49925	1751
49925	1752
49925	1753
49925	1754
49925	1755
49925	1756
49925	1757
49925	1758
49925	1759
49925	1760
49925	1761
49925	1762
49925	1763
49925	1764
49926	1765
49926	1766
49926	1767
49926	1768
49926	1769
49926	1770
49926	1771
49926	1772
49926	1773
49926	1774
49926	1775
49926	1776
49926	1777
49926	1778
49926	1779
49926	1780
49926	1781
49926	1782
49926	1783
49926	1784
49926	1785
49927	1786
49927	1787
49927	1788
49927	1789
49927	1790
49927	1791
49927	1792
49927	1793
49927	1794
49927	1795
49927	1796
49927	1797
49927	1798
49927	1799
49927	1800
49927	1801
49927	1802
49927	1803
49927	1804
49927	1805
49927	1806
49927	1807
49927	1808
49927	1809
49928	1810
49928	1811
49928	1812
49928	1813
49928	1814
49928	1815
49928	1816
49928	1817
49928	1818
49928	1819
49928	1820
49928	1821
49928	1822
49928	1823
49928	1824
49928	1825
49928	1826
49928	1827
49928	1828
49928	1829
49928	1830
49929	1831
49929	1832
49929	1833
49929	1834
49929	1835
49929	1836
49929	1837
49929	1838
49929	1839
49929	1840
49929	1841
49929	1842
49929	1843
49929	1844
49929	1845
49929	1846
49929	1847
49929	1848
49929	1849
49929	1850
49929	1851
49929	1852
49929	1853
49929	1854
49930	1855
49930	1856
49930	1857
49930	1858
49930	1859
49930	1860
49930	1861
49930	1862
49930	1863
49930	1864
49930	1865
49930	1866
49930	1867
49930	1868
49930	1869
49930	1870
49930	1871
49930	1872
49930	1873
49930	1874
49930	1875
49930	1876
49930	1877
49930	1878
49930	1879
49931	1880
49931	1881
49931	1882
49931	1883
49931	1884
49931	1885
49931	1886
49931	1887
49931	1888
49931	1889
49931	1890
49931	1891
49931	1892
49931	1893
49931	1894
49931	1895
49931	1896
49931	1897
49931	1898
49931	1899
49931	1900
49931	1901
49931	1902
49931	1903
49931	1904
49931	1905
49931	1906
49931	1907
49931	1908
49931	1909
49931	1910
49931	1911
49931	1912
49932	1913
49932	1914
49932	1915
49932	1916
49932	1917
49932	1918
49932	1919
49932	1920
49932	1921
49932	1922
49932	1923
49932	1924
49932	1925
49932	1926
49932	1927
49932	1928
49932	1929
49932	1930
49932	1931
49932	1932
49932	1933
49932	1934
49932	1935
49932	1936
49932	1937
49932	1938
49932	1939
49932	1940
49932	1941
49932	1942
49932	1943
49932	1944
49932	1945
49932	1946
49932	1947
49933	1948
49933	1949
49933	1950
49933	1951
49933	1952
49933	1953
49933	1954
49933	1955
49933	1956
49933	1957
49933	1958
49933	1959
49933	1960
49933	1961
49933	1962
49933	1963
49933	1964
49933	1965
49933	1966
49933	1967
49933	1968
49933	1969
49933	1970
49933	1971
49933	1972
49933	1973
49933	1974
49933	1975
49933	1976
49933	1977
49933	1978
49933	1979
49933	1980
49933	1981
49933	1982
49933	1983
49933	1984
49933	1985
49933	1986
49933	1987
49933	1988
49933	1989
49934	1990
49934	1991
49934	1992
49934	1993
49934	1994
49934	1995
49934	1996
49934	1997
49934	1998
49934	1999
49934	2000
49934	2001
49934	2002
49934	2003
49934	2004
49934	2005
49934	2006
49934	2007
49934	2008
49934	2009
49934	2010
49934	2011
49934	2012
49934	2013
49934	2014
49934	2015
49934	2016
49934	2017
49934	2018
49934	2019
49934	2020
49934	2021
49934	2022
49934	2023
49934	2024
49934	2025
49935	2026
49935	2027
49935	2028
49935	2029
49935	2030
49935	2031
49935	2032
49935	2033
49935	2034
49935	2035
49935	2036
49935	2037
49935	2038
49935	2039
49935	2040
49935	2041
49935	2042
49935	2043
49935	2044
49935	2045
49935	2046
49935	2047
49935	2048
49935	2049
49935	2050
49935	2051
49935	2052
49935	2053
49935	2054
49935	2055
49935	2056
49935	2057
49935	2058
49935	2059
49935	2060
49935	2061
49935	2062
49935	2063
49935	2064
49935	2065
49935	2066
49935	2067
49935	2068
49935	2069
49935	2070
49935	2071
49935	2072
49936	2073
49936	2074
49936	2075
49936	2076
49936	2077
49936	2078
49936	2079
49936	2080
49936	2081
49936	2082
49936	2083
49936	2084
49936	2085
49936	2086
49936	2087
49936	2088
49936	2089
49936	2090
49936	2091
49936	2092
49936	2093
49936	2094
49936	2095
49936	2096
49936	2097
49936	2098
49936	2099
49936	2100
49936	2101
49936	2102
49936	2103
49936	2104
49936	2105
49936	2106
49936	2107
49936	2108
49936	2109
49936	2110
49936	2111
49936	2112
49936	2113
49936	2114
49936	2115
49936	2116
49937	2117
49937	2118
49937	2119
49937	2120
49937	2121
49937	2122
49937	2123
49937	2124
49937	2125
49937	2126
49937	2127
49937	2128
49937	2129
49937	2130
49937	2131
49937	2132
49937	2133
49937	2134
49937	2135
49937	2136
49937	2137
49937	2138
49937	2139
49937	2140
49937	2141
49937	2142
49937	2143
49937	2144
49937	2145
49937	2146
49937	2147
49937	2148
49937	2149
49937	2150
49937	2151
49937	2152
49937	2153
49937	2154
49937	2155
49937	2156
49937	2157
49937	2158
49937	2159
49938	2160
49938	2161
49938	2162
49938	2163
49938	2164
49938	2165
49938	2166
49938	2167
49938	2168
49938	2169
49938	2170
49938	2171
49938	2172
49938	2173
49938	2174
49938	2175
49938	2176
49938	2177
49938	2178
49938	2179
49938	2180
49938	2181
49938	2182
49938	2183
49938	2184
49938	2185
49938	2186
49938	2187
49938	2188
49938	2189
49938	2190
49938	2191
49938	2192
49938	2193
49938	2194
49938	2195
49938	2196
49938	2197
49938	2198
49938	2199
49938	2200
49938	2201
49938	2202
49938	2203
49938	2204
49939	2205
49939	2206
49939	2207
49939	2208
49939	2209
49939	2210
49939	2211
49939	2212
49939	2213
49939	2214
49939	2215
49939	2216
49939	2217
49939	2218
49939	2219
49939	2220
49939	2221
49939	2222
49939	2223
49939	2224
49939	2225
49939	2226
49939	2227
49939	2228
49939	2229
49939	2230
49939	2231
49939	2232
49939	2233
49939	2234
49939	2235
49939	2236
49939	2237
49939	2238
49939	2239
49939	2240
49939	2241
49939	2242
49939	2243
49939	2244
49939	2245
49939	2246
49939	2247
49939	2248
49939	2249
49939	2250
49939	2251
49939	2252
49940	2253
49940	2254
49940	2255
49940	2256
49940	2257
49940	2258
49940	2259
49940	2260
49940	2261
49940	2262
49940	2263
49940	2264
49940	2265
49940	2266
49940	2267
49940	2268
49940	2269
49940	2270
49940	2271
49940	2272
49940	2273
49940	2274
49940	2275
49940	2276
49940	2277
49940	2278
49940	2279
49940	2280
49940	2281
49940	2282
49940	2283
49940	2284
49940	2285
49940	2286
49940	2287
49940	2288
49940	2289
49940	2290
49940	2291
49940	2292
49940	2293
49940	2294
49940	2295
49940	2296
49940	2297
49940	2298
49940	2299
49940	2300
49940	2301
49940	2302
49940	2303
49940	2304
49940	2305
49940	2306
49940	2307
49940	2308
49940	2309
49940	2310
49940	2311
49940	2312
49940	2313
49940	2314
49940	2315
49940	2316
49940	2317
49940	2318
49940	2319
49940	2320
49940	2321
49940	2322
49940	2323
49940	2324
49940	2325
49940	2326
49941	2327
49941	2328
49941	2329
49941	2330
49941	2331
49941	2332
49941	2333
49941	2334
49941	2335
49941	2336
49941	2337
49941	2338
49941	2339
49941	2340
49941	2341
49941	2342
49941	2343
49941	2344
49941	2345
49941	2346
49941	2347
49941	2348
49941	2349
49941	2350
49941	2351
49941	2352
49941	2353
49941	2354
49941	2355
49941	2356
49941	2357
49941	2358
49941	2359
49941	2360
49941	2361
49941	2362
49941	2363
49941	2364
49941	2365
49941	2366
49941	2367
49941	2368
49941	2369
49941	2370
49941	2371
49941	2372
49941	2373
49941	2374
49941	2375
49941	2376
49941	2377
49941	2378
49942	2379
49942	2380
49942	2381
49942	2382
49942	2383
49942	2384
49942	2385
49942	2386
49942	2387
49942	2388
49942	2389
49942	2390
49942	2391
49942	2392
49942	2393
49942	2394
49942	2395
49942	2396
49942	2397
49942	2398
49942	2399
49942	2400
49942	2401
49942	2402
49942	2403
49942	2404
49942	2405
49942	2406
49942	2407
49942	2408
49942	2409
49942	2410
49942	2411
49942	2412
49942	2413
49942	2414
49942	2415
49942	2416
49942	2417
49942	2418
49942	2419
49942	2420
49942	2421
49942	2422
49942	2423
49942	2424
49942	2425
49942	2426
49942	2427
49942	2428
49942	2429
49942	2430
49942	2431
49942	2432
49942	2433
49942	2434
49942	2435
49942	2436
49942	2437
49942	2438
49942	2439
49942	2440
49942	2441
49942	2442
49942	2443
49942	2444
49942	2445
49943	2446
49943	2447
49943	2448
49943	2449
49943	2450
49943	2451
49943	2452
49943	2453
49943	2454
49943	2455
49943	2456
49943	2457
49943	2458
49943	2459
49943	2460
49943	2461
49943	2462
49943	2463
49943	2464
49943	2465
49943	2466
49943	2467
49943	2468
49943	2469
49943	2470
49943	2471
49943	2472
49943	2473
49943	2474
49943	2475
49943	2476
49943	2477
49943	2478
49943	2479
49943	2480
49943	2481
49943	2482
49943	2483
49943	2484
49943	2485
49943	2486
49943	2487
49943	2488
49943	2489
49943	2490
49943	2491
49943	2492
49943	2493
49943	2494
49943	2495
49943	2496
49943	2497
49943	2498
49943	2499
49943	2500
49943	2501
49943	2502
49944	2503
49944	2504
49944	2505
49944	2506
49944	2507
49944	2508
49944	2509
49944	2510
49944	2511
49944	2512
49944	2513
49944	2514
49944	2515
49944	2516
49944	2517
49944	2518
49944	2519
49944	2520
49944	2521
49944	2522
49944	2523
49944	2524
49944	2525
49944	2526
49944	2527
49944	2528
49944	2529
49944	2530
49944	2531
49944	2532
49944	2533
49944	2534
49944	2535
49944	2536
49944	2537
49944	2538
49944	2539
49944	2540
49944	2541
49944	2542
49944	2543
49944	2544
49944	2545
49944	2546
49944	2547
49944	2548
49944	2549
49944	2550
49944	2551
49944	2552
49944	2553
49944	2554
49944	2555
49944	2556
49944	2557
49944	2558
49944	2559
49944	2560
49944	2561
49944	2562
49944	2563
49944	2564
49944	2565
49944	2566
49945	2567
49945	2568
49945	2569
49945	2570
49945	2571
49945	2572
49945	2573
49945	2574
49945	2575
49945	2576
49945	2577
49945	2578
49945	2579
49945	2580
49945	2581
49945	2582
49945	2583
49945	2584
49945	2585
49945	2586
49945	2587
49945	2588
49945	2589
49945	2590
49945	2591
49945	2592
49945	2593
49945	2594
49945	2595
49945	2596
49945	2597
49945	2598
49945	2599
49945	2600
49945	2601
49945	2602
49945	2603
49945	2604
49945	2605
49945	2606
49945	2607
49945	2608
49945	2609
49945	2610
49945	2611
49945	2612
49945	2613
49945	2614
49945	2615
49945	2616
49945	2617
49945	2618
49945	2619
49945	2620
49945	2621
49945	2622
49945	2623
49945	2624
49945	2625
49945	2626
49945	2627
49946	2628
49946	2629
49946	2630
49946	2631
49946	2632
49946	2633
49946	2634
49946	2635
49946	2636
49946	2637
49946	2638
49946	2639
49946	2640
49946	2641
49946	2642
49946	2643
49946	2644
49946	2645
49946	2646
49946	2647
49946	2648
49946	2649
49946	2650
49946	2651
49946	2652
49946	2653
49946	2654
49946	2655
49946	2656
49946	2657
49946	2658
49946	2659
49946	2660
49946	2661
49946	2662
49946	2663
49946	2664
49946	2665
49946	2666
49946	2667
49946	2668
49946	2669
49946	2670
49946	2671
49946	2672
49946	2673
49946	2674
49946	2675
49946	2676
49946	2677
49946	2678
49946	2679
49946	2680
49946	2681
49946	2682
49946	2683
49946	2684
49946	2685
49946	2686
49946	2687
49946	2688
49946	2689
49946	2690
49947	2691
49947	2692
49947	2693
49947	2694
49947	2695
49947	2696
49947	2697
49947	2698
49947	2699
49947	2700
49947	2701
49947	2702
49947	2703
49947	2704
49947	2705
49947	2706
49947	2707
49947	2708
49947	2709
49947	2710
49947	2711
49947	2712
49947	2713
49947	2714
49947	2715
49947	2716
49947	2717
49947	2718
49947	2719
49947	2720
49947	2721
49947	2722
49947	2723
49947	2724
49947	2725
49947	2726
49947	2727
49947	2728
49947	2729
49947	2730
49947	2731
49947	2732
49947	2733
49947	2734
49947	2735
49947	2736
49947	2737
49947	2738
49947	2739
49947	2740
49947	2741
49947	2742
49947	2743
49947	2744
49947	2745
49947	2746
49947	2747
49947	2748
49947	2749
49947	2750
49947	2751
49947	2752
49947	2753
49947	2754
49947	2755
49947	2756
49947	2757
49948	2758
49948	2759
49948	2760
49948	2761
49948	2762
49948	2763
49948	2764
49948	2765
49948	2766
49948	2767
49948	2768
49948	2769
49948	2770
49948	2771
49948	2772
49948	2773
49948	2774
49948	2775
49948	2776
49948	2777
49948	2778
49948	2779
49948	2780
49948	2781
49948	2782
49948	2783
49948	2784
49948	2785
49948	2786
49948	2787
49948	2788
49948	2789
49948	2790
49948	2791
49948	2792
49948	2793
49948	2794
49948	2795
49948	2796
49948	2797
49948	2798
49948	2799
49948	2800
49948	2801
49948	2802
49948	2803
49948	2804
49948	2805
49948	2806
49948	2807
49948	2808
49948	2809
49948	2810
49948	2811
49948	2812
49948	2813
49948	2814
49948	2815
49948	2816
49948	2817
49948	2818
49948	2819
49948	2820
49948	2821
49948	2822
49948	2823
49948	2824
49948	2825
49948	2826
49948	2827
49948	2828
49949	2829
49949	2830
49949	2831
49949	2832
49949	2833
49949	2834
49949	2835
49949	2836
49949	2837
49949	2838
49949	2839
49949	2840
49949	2841
49949	2842
49949	2843
49949	2844
49949	2845
49949	2846
49949	2847
49949	2848
49949	2849
49949	2850
49949	2851
49949	2852
49949	2853
49949	2854
49949	2855
49949	2856
49949	2857
49949	2858
49949	2859
49949	2860
49949	2861
49949	2862
49949	2863
49949	2864
49949	2865
49949	2866
49949	2867
49949	2868
49949	2869
49949	2870
49949	2871
49949	2872
49949	2873
49949	2874
49949	2875
49949	2876
49949	2877
49949	2878
49949	2879
49949	2880
49949	2881
49949	2882
49949	2883
49949	2884
49949	2885
49949	2886
49949	2887
49949	2888
49949	2889
49949	2890
49949	2891
49949	2892
49950	2893
49950	2894
49950	2895
49950	2896
49950	2897
49950	2898
49950	2899
49950	2900
49950	2901
49950	2902
49950	2903
49950	2904
49950	2905
49950	2906
49950	2907
49950	2908
49950	2909
49950	2910
49950	2911
49950	2912
49950	2913
49950	2914
49950	2915
49950	2916
49950	2917
49950	2918
49950	2919
49950	2920
49950	2921
49950	2922
49950	2923
49950	2924
49950	2925
49950	2926
49950	2927
49950	2928
49950	2929
49950	2930
49950	2931
49950	2932
49950	2933
49950	2934
49950	2935
49950	2936
49950	2937
49950	2938
49950	2939
49950	2940
49950	2941
49950	2942
49950	2943
49950	2944
49950	2945
49950	2946
49950	2947
49950	2948
49950	2949
49950	2950
49950	2951
49950	2952
49950	2953
49950	2954
49950	2955
49950	2956
49950	2957
49950	2958
49950	2959
49950	2960
49950	2961
49950	2962
49951	2963
49951	2964
49951	2965
49951	2966
49951	2967
49951	2968
49951	2969
49951	2970
49951	2971
49951	2972
49951	2973
49951	2974
49951	2975
49951	2976
49951	2977
49951	2978
49951	2979
49951	2980
49951	2981
49951	2982
49951	2983
49951	2984
49951	2985
49951	2986
49951	2987
49951	2988
49951	2989
49951	2990
49951	2991
49951	2992
49951	2993
49951	2994
49951	2995
49951	2996
49951	2997
49951	2998
49951	2999
49951	3000
49951	3001
49951	3002
49951	3003
49951	3004
49951	3005
49951	3006
49951	3007
49951	3008
49951	3009
49951	3010
49951	3011
49951	3012
49951	3013
49951	3014
49951	3015
49951	3016
49951	3017
49951	3018
49951	3019
49951	3020
49951	3021
49951	3022
49951	3023
49951	3024
49951	3025
49951	3026
49951	3027
49951	3028
49951	3029
49951	3030
49951	3031
49951	3032
49951	3033
49952	3034
49952	3035
49952	3036
49952	3037
49952	3038
49952	3039
49952	3040
49952	3041
49952	3042
49952	3043
49952	3044
49952	3045
49952	3046
49952	3047
49952	3048
49952	3049
49952	3050
49952	3051
49952	3052
49952	3053
49952	3054
49952	3055
49952	3056
49952	3057
49952	3058
49952	3059
49952	3060
49952	3061
49952	3062
49952	3063
49952	3064
49952	3065
49952	3066
49952	3067
49952	3068
49952	3069
49952	3070
49952	3071
49952	3072
49952	3073
49952	3074
49952	3075
49952	3076
49952	3077
49952	3078
49952	3079
49952	3080
49952	3081
49952	3082
49952	3083
49952	3084
49952	3085
49952	3086
49952	3087
49952	3088
49952	3089
49952	3090
49952	3091
49952	3092
49952	3093
49952	3094
49952	3095
49952	3096
49952	3097
49952	3098
49952	3099
49952	3100
49952	3101
49952	3102
49952	3103
49952	3104
49952	3105
49952	3106
49952	3107
49952	3108
49952	3109
49952	3110
49952	3111
49952	3112
49952	3113
49953	3114
49953	3115
49953	3116
49953	3117
49953	3118
49953	3119
49953	3120
49953	3121
49953	3122
49953	3123
49953	3124
49953	3125
49953	3126
49953	3127
49953	3128
49953	3129
49953	3130
49953	3131
49953	3132
49953	3133
49953	3134
49953	3135
49953	3136
49953	3137
49953	3138
49953	3139
49953	3140
49953	3141
49953	3142
49953	3143
49953	3144
49953	3145
49953	3146
49953	3147
49953	3148
49953	3149
49953	3150
49953	3151
49953	3152
49953	3153
49953	3154
49953	3155
49953	3156
49953	3157
49953	3158
49953	3159
49953	3160
49953	3161
49953	3162
49953	3163
49953	3164
49953	3165
49953	3166
49953	3167
49953	3168
49953	3169
49953	3170
49953	3171
49953	3172
49953	3173
49953	3174
49953	3175
49953	3176
49953	3177
49953	3178
49953	3179
49953	3180
49953	3181
49953	3182
49953	3183
49954	3184
49954	3185
49954	3186
49954	3187
49954	3188
49954	3189
49954	3190
49954	3191
49954	3192
49954	3193
49954	3194
49954	3195
49954	3196
49954	3197
49954	3198
49954	3199
49954	3200
49954	3201
49954	3202
49954	3203
49954	3204
49954	3205
49954	3206
49954	3207
49954	3208
49954	3209
49954	3210
49954	3211
49954	3212
49954	3213
49954	3214
49954	3215
49954	3216
49954	3217
49954	3218
49954	3219
49954	3220
49954	3221
49954	3222
49954	3223
49954	3224
49954	3225
49954	3226
49954	3227
49954	3228
49954	3229
49954	3230
49954	3231
49954	3232
49954	3233
49954	3234
49954	3235
49954	3236
49954	3237
49954	3238
49954	3239
49954	3240
49954	3241
49954	3242
49954	3243
49954	3244
49954	3245
49954	3246
49954	3247
49954	3248
49954	3249
49954	3250
49954	3251
49954	3252
49954	3253
49955	3254
49955	3255
49955	3256
49955	3257
49955	3258
49955	3259
49955	3260
49955	3261
49955	3262
49955	3263
49955	3264
49955	3265
49955	3266
49955	3267
49955	3268
49955	3269
49955	3270
49955	3271
49955	3272
49955	3273
49955	3274
49955	3275
49955	3276
49955	3277
49955	3278
49955	3279
49955	3280
49955	3281
49955	3282
49955	3283
49955	3284
49955	3285
49955	3286
49955	3287
49955	3288
49955	3289
49955	3290
49955	3291
49955	3292
49955	3293
49955	3294
49955	3295
49955	3296
49955	3297
49955	3298
49955	3299
49955	3300
49955	3301
49955	3302
49955	3303
49955	3304
49955	3305
49955	3306
49955	3307
49955	3308
49955	3309
49955	3310
49955	3311
49955	3312
49955	3313
49955	3314
49955	3315
49955	3316
49955	3317
49955	3318
49955	3319
49955	3320
49955	3321
49955	3322
49955	3323
49955	3324
49955	3325
49955	3326
49955	3327
49955	3328
49955	3329
49955	3330
49955	3331
49955	3332
49955	3333
49955	3334
49956	3335
49956	3336
49956	3337
49956	3338
49956	3339
49956	3340
49956	3341
49956	3342
49956	3343
49956	3344
49956	3345
49956	3346
49956	3347
49956	3348
49956	3349
49956	3350
49956	3351
49956	3352
49956	3353
49956	3354
49956	3355
49956	3356
49956	3357
49956	3358
49956	3359
49956	3360
49956	3361
49956	3362
49956	3363
49956	3364
49956	3365
49956	3366
49956	3367
49956	3368
49956	3369
49956	3370
49956	3371
49956	3372
49956	3373
49956	3374
49956	3375
49956	3376
49956	3377
49956	3378
49956	3379
49956	3380
49956	3381
49956	3382
49956	3383
49956	3384
49956	3385
49956	3386
49956	3387
49956	3388
49956	3389
49956	3390
49957	3391
49957	3392
49957	3393
49957	3394
49957	3395
49957	3396
49957	3397
49957	3398
49957	3399
49957	3400
49957	3401
49957	3402
49957	3403
49957	3404
49957	3405
49957	3406
49957	3407
49957	3408
49957	3409
49957	3410
49957	3411
49957	3412
49957	3413
49957	3414
49957	3415
49957	3416
49957	3417
49957	3418
49957	3419
49957	3420
49957	3421
49957	3422
49957	3423
49957	3424
49957	3425
49957	3426
49957	3427
49957	3428
49957	3429
49957	3430
49957	3431
49957	3432
49957	3433
49957	3434
49957	3435
49957	3436
49957	3437
49957	3438
49957	3439
49957	3440
49957	3441
49957	3442
49957	3443
49957	3444
49957	3445
49957	3446
49957	3447
49957	3448
49957	3449
49957	3450
49957	3451
49958	3452
49958	3453
49958	3454
49958	3455
49958	3456
49958	3457
49958	3458
49958	3459
49958	3460
49958	3461
49958	3462
49958	3463
49958	3464
49958	3465
49958	3466
49958	3467
49958	3468
49958	3469
49958	3470
49958	3471
49958	3472
49958	3473
49958	3474
49958	3475
49958	3476
49958	3477
49958	3478
49958	3479
49958	3480
49958	3481
49958	3482
49958	3483
49958	3484
49958	3485
49958	3486
49958	3487
49958	3488
49958	3489
49958	3490
49958	3491
49958	3492
49958	3493
49958	3494
49958	3495
49958	3496
49958	3497
49958	3498
49958	3499
49958	3500
49958	3501
49958	3502
49958	3503
49958	3504
49958	3505
49958	3506
49958	3507
49958	3508
49958	3509
49958	3510
49958	3511
49958	3512
49958	3513
49958	3514
49958	3515
49958	3516
49958	3517
49958	3518
49958	3519
49958	3520
49958	3521
49958	3522
49958	3523
49958	3524
49958	3525
49958	3526
49958	3527
49958	3528
49958	3529
49958	3530
49958	3531
49958	3532
49958	3533
49958	3534
49958	3535
49958	3536
49958	3537
49958	3538
49958	3539
49958	3540
49959	3541
49959	3542
49959	3543
49959	3544
49959	3545
49959	3546
49959	3547
49959	3548
49959	3549
49959	3550
49959	3551
49959	3552
49959	3553
49959	3554
49959	3555
49959	3556
49959	3557
49959	3558
49959	3559
49959	3560
49959	3561
49959	3562
49959	3563
49959	3564
49959	3565
49959	3566
49959	3567
49959	3568
49959	3569
49959	3570
49959	3571
49959	3572
49959	3573
49959	3574
49959	3575
49959	3576
49959	3577
49959	3578
49959	3579
49959	3580
49959	3581
49959	3582
49959	3583
49959	3584
49959	3585
49959	3586
49959	3587
49959	3588
49959	3589
49959	3590
49959	3591
49959	3592
49959	3593
49959	3594
49959	3595
49959	3596
49959	3597
49959	3598
49959	3599
49959	3600
49959	3601
49959	3602
49959	3603
49959	3604
49959	3605
49959	3606
49959	3607
49959	3608
49959	3609
49959	3610
49959	3611
49959	3612
49959	3613
49959	3614
49959	3615
49959	3616
49959	3617
49959	3618
49960	3619
49960	3620
49960	3621
49960	3622
49960	3623
49960	3624
49960	3625
49960	3626
49960	3627
49960	3628
49960	3629
49960	3630
49960	3631
49960	3632
49960	3633
49960	3634
49960	3635
49960	3636
49960	3637
49960	3638
49960	3639
49960	3640
49960	3641
49960	3642
49960	3643
49960	3644
49960	3645
49960	3646
49960	3647
49960	3648
49960	3649
49960	3650
49960	3651
49960	3652
49960	3653
49960	3654
49960	3655
49960	3656
49960	3657
49960	3658
49960	3659
49960	3660
49960	3661
49960	3662
49960	3663
49960	3664
49960	3665
49960	3666
49960	3667
49960	3668
49960	3669
49960	3670
49960	3671
49960	3672
49960	3673
49960	3674
49960	3675
49960	3676
49960	3677
49960	3678
49960	3679
49960	3680
49960	3681
49960	3682
49960	3683
49960	3684
49960	3685
49960	3686
49960	3687
49960	3688
49960	3689
49960	3690
49960	3691
49960	3692
49960	3693
49960	3694
49960	3695
49960	3696
49960	3697
49960	3698
49960	3699
49960	3700
49960	3701
49960	3702
49960	3703
49960	3704
49961	3705
49961	3706
49961	3707
49961	3708
49961	3709
49961	3710
49961	3711
49961	3712
49961	3713
49961	3714
49961	3715
49961	3716
49961	3717
49961	3718
49961	3719
49961	3720
49961	3721
49961	3722
49961	3723
49961	3724
49961	3725
49961	3726
49961	3727
49961	3728
49961	3729
49961	3730
49961	3731
49961	3732
49961	3733
49961	3734
49961	3735
49961	3736
49961	3737
49961	3738
49961	3739
49961	3740
49961	3741
49961	3742
49961	3743
49961	3744
49961	3745
49961	3746
49961	3747
49961	3748
49961	3749
49961	3750
49961	3751
49961	3752
49961	3753
49961	3754
49961	3755
49961	3756
49961	3757
49961	3758
49961	3759
49961	3760
49961	3761
49961	3762
49961	3763
49961	3764
49961	3765
49961	3766
49961	3767
49961	3768
49961	3769
49961	3770
49961	3771
49961	3772
49961	3773
49961	3774
49961	3775
49961	3776
49961	3777
49961	3778
49961	3779
49961	3780
49962	3781
49962	3782
49962	3783
49962	3784
49962	3785
49962	3786
49962	3787
49962	3788
49962	3789
49962	3790
49962	3791
49962	3792
49962	3793
49962	3794
49962	3795
49962	3796
49962	3797
49962	3798
49962	3799
49962	3800
49962	3801
49962	3802
49962	3803
49962	3804
49962	3805
49962	3806
49962	3807
49962	3808
49962	3809
49962	3810
49962	3811
49962	3812
49962	3813
49962	3814
49962	3815
49962	3816
49962	3817
49962	3818
49962	3819
49962	3820
49962	3821
49962	3822
49962	3823
49962	3824
49962	3825
49962	3826
49962	3827
49962	3828
49962	3829
49962	3830
49962	3831
49962	3832
49962	3833
49962	3834
49962	3835
49962	3836
49962	3837
49962	3838
49962	3839
49962	3840
49962	3841
49962	3842
49962	3843
49962	3844
49962	3845
49962	3846
49962	3847
49962	3848
49962	3849
49962	3850
49962	3851
49962	3852
49962	3853
49962	3854
49962	3855
49962	3856
49962	3857
49962	3858
49962	3859
49962	3860
49962	3861
49962	3862
49962	3863
49962	3864
49963	3865
49963	3866
49963	3867
49963	3868
49963	3869
49963	3870
49963	3871
49963	3872
49963	3873
49963	3874
49963	3875
49963	3876
49963	3877
49963	3878
49963	3879
49963	3880
49963	3881
49963	3882
49963	3883
49963	3884
49963	3885
49963	3886
49963	3887
49963	3888
49963	3889
49963	3890
49963	3891
49963	3892
49963	3893
49963	3894
49963	3895
49963	3896
49963	3897
49963	3898
49963	3899
49963	3900
49963	3901
49963	3902
49963	3903
49963	3904
49963	3905
49963	3906
49963	3907
49963	3908
49963	3909
49963	3910
49963	3911
49963	3912
49963	3913
49963	3914
49963	3915
49963	3916
49963	3917
49963	3918
49963	3919
49963	3920
49963	3921
49963	3922
49963	3923
49963	3924
49963	3925
49963	3926
49963	3927
49963	3928
49963	3929
49963	3930
49963	3931
49963	3932
49964	3933
49964	3934
49964	3935
49964	3936
49964	3937
49964	3938
49964	3939
49964	3940
49964	3941
49964	3942
49964	3943
49964	3944
49964	3945
49964	3946
49964	3947
49964	3948
49964	3949
49964	3950
49964	3951
49964	3952
49964	3953
49964	3954
49964	3955
49964	3956
49964	3957
49964	3958
49964	3959
49964	3960
49964	3961
49964	3962
49964	3963
49964	3964
49964	3965
49964	3966
49964	3967
49964	3968
49964	3969
49964	3970
49964	3971
49964	3972
49964	3973
49964	3974
49964	3975
49964	3976
49964	3977
49964	3978
49964	3979
49964	3980
49964	3981
49964	3982
49964	3983
49964	3984
49964	3985
49964	3986
49964	3987
49964	3988
49964	3989
49964	3990
49964	3991
49964	3992
49964	3993
49964	3994
49964	3995
49964	3996
49964	3997
49964	3998
49964	3999
49964	4000
49964	4001
49964	4002
49964	4003
49964	4004
49964	4005
49964	4006
49964	4007
49964	4008
49964	4009
49965	4010
49965	4011
49965	4012
49965	4013
49965	4014
49965	4015
49965	4016
49965	4017
49965	4018
49965	4019
49965	4020
49965	4021
49965	4022
49965	4023
49965	4024
49965	4025
49965	4026
49965	4027
49965	4028
49965	4029
49965	4030
49965	4031
49965	4032
49965	4033
49965	4034
49965	4035
49965	4036
49965	4037
49965	4038
49965	4039
49965	4040
49965	4041
49965	4042
49965	4043
49965	4044
49965	4045
49965	4046
49965	4047
49965	4048
49965	4049
49965	4050
49965	4051
49965	4052
49965	4053
49965	4054
49965	4055
49965	4056
49965	4057
49965	4058
49965	4059
49965	4060
49965	4061
49965	4062
49965	4063
49965	4064
49965	4065
49965	4066
49965	4067
49965	4068
49965	4069
49965	4070
49965	4071
49965	4072
49965	4073
49965	4074
49965	4075
49965	4076
49965	4077
49965	4078
49966	4079
49966	4080
49966	4081
49966	4082
49966	4083
49966	4084
49966	4085
49966	4086
49966	4087
49966	4088
49966	4089
49966	4090
49966	4091
49966	4092
49966	4093
49966	4094
49966	4095
49966	4096
49966	4097
49966	4098
49966	4099
49966	4100
49966	4101
49966	4102
49966	4103
49966	4104
49966	4105
49966	4106
49966	4107
49966	4108
49966	4109
49966	4110
49966	4111
49966	4112
49966	4113
49966	4114
49966	4115
49966	4116
49966	4117
49966	4118
49966	4119
49966	4120
49966	4121
49966	4122
49966	4123
49966	4124
49966	4125
49966	4126
49966	4127
49966	4128
49966	4129
49966	4130
49966	4131
49966	4132
49966	4133
49966	4134
49966	4135
49966	4136
49966	4137
49966	4138
49966	4139
49966	4140
49966	4141
49966	4142
49966	4143
49966	4144
49966	4145
49966	4146
49966	4147
49966	4148
49966	4149
49966	4150
49966	4151
49966	4152
49966	4153
49966	4154
49967	4155
49967	4156
49967	4157
49967	4158
49967	4159
49967	4160
49967	4161
49967	4162
49967	4163
49967	4164
49967	4165
49967	4166
49967	4167
49967	4168
49967	4169
49967	4170
49967	4171
49967	4172
49967	4173
49967	4174
49967	4175
49967	4176
49967	4177
49967	4178
49967	4179
49967	4180
49967	4181
49967	4182
49967	4183
49967	4184
49967	4185
49967	4186
49967	4187
49967	4188
49967	4189
49967	4190
49967	4191
49967	4192
49967	4193
49967	4194
49967	4195
49967	4196
49967	4197
49967	4198
49967	4199
49967	4200
49967	4201
49967	4202
49967	4203
49967	4204
49967	4205
49967	4206
49967	4207
49967	4208
49967	4209
49967	4210
49967	4211
49967	4212
49967	4213
49967	4214
49967	4215
49967	4216
49967	4217
49967	4218
49967	4219
49967	4220
49967	4221
49968	4222
49968	4223
49968	4224
49968	4225
49968	4226
49968	4227
49968	4228
49968	4229
49968	4230
49968	4231
49968	4232
49968	4233
49968	4234
49968	4235
49968	4236
49968	4237
49968	4238
49968	4239
49968	4240
49968	4241
49968	4242
49968	4243
49968	4244
49968	4245
49968	4246
49968	4247
49968	4248
49968	4249
49968	4250
49968	4251
49968	4252
49968	4253
49968	4254
49968	4255
49968	4256
49968	4257
49968	4258
49968	4259
49968	4260
49968	4261
49968	4262
49968	4263
49968	4264
49968	4265
49968	4266
49968	4267
49968	4268
49968	4269
49968	4270
49968	4271
49968	4272
49968	4273
49968	4274
49968	4275
49968	4276
49968	4277
49968	4278
49968	4279
49968	4280
49968	4281
49968	4282
49968	4283
49968	4284
49968	4285
49968	4286
49968	4287
49968	4288
49968	4289
49968	4290
49968	4291
49968	4292
49968	4293
49968	4294
49968	4295
49968	4296
49968	4297
49968	4298
49968	4299
49968	4300
49968	4301
49968	4302
49968	4303
49968	4304
49968	4305
49968	4306
49969	4307
49969	4308
49969	4309
49969	4310
49969	4311
49969	4312
49969	4313
49969	4314
49969	4315
49969	4316
49969	4317
49969	4318
49969	4319
49969	4320
49969	4321
49969	4322
49969	4323
49969	4324
49969	4325
49969	4326
49969	4327
49969	4328
49969	4329
49969	4330
49969	4331
49969	4332
49969	4333
49969	4334
49969	4335
49969	4336
49969	4337
49969	4338
49969	4339
49969	4340
49969	4341
49969	4342
49969	4343
49969	4344
49969	4345
49969	4346
49969	4347
49969	4348
49969	4349
49969	4350
49969	4351
49969	4352
49969	4353
49969	4354
49969	4355
49969	4356
49969	4357
49969	4358
49969	4359
49969	4360
49969	4361
49969	4362
49969	4363
49969	4364
49969	4365
49969	4366
49969	4367
49969	4368
49969	4369
49969	4370
49969	4371
49969	4372
49969	4373
49969	4374
49969	4375
49969	4376
49969	4377
49969	4378
49969	4379
49969	4380
49969	4381
49969	4382
49969	4383
49969	4384
49970	4385
49970	4386
49970	4387
49970	4388
49970	4389
49970	4390
49970	4391
49970	4392
49970	4393
49970	4394
49970	4395
49970	4396
49970	4397
49970	4398
49970	4399
49970	4400
49970	4401
49970	4402
49970	4403
49970	4404
49970	4405
49970	4406
49970	4407
49970	4408
49970	4409
49970	4410
49970	4411
49970	4412
49970	4413
49970	4414
49970	4415
49970	4416
49970	4417
49970	4418
49970	4419
49970	4420
49970	4421
49970	4422
49970	4423
49970	4424
49970	4425
49970	4426
49970	4427
49970	4428
49970	4429
49970	4430
49970	4431
49970	4432
49970	4433
49970	4434
49970	4435
49970	4436
49970	4437
49970	4438
49970	4439
49970	4440
49970	4441
49970	4442
49970	4443
49970	4444
49970	4445
49970	4446
49970	4447
49970	4448
49970	4449
49970	4450
49970	4451
49970	4452
49970	4453
49970	4454
49970	4455
49970	4456
49970	4457
49970	4458
49970	4459
49970	4460
49970	4461
49971	4462
49971	4463
49971	4464
49971	4465
49971	4466
49971	4467
49971	4468
49971	4469
49971	4470
49971	4471
49971	4472
49971	4473
49971	4474
49971	4475
49971	4476
49971	4477
49971	4478
49971	4479
49971	4480
49971	4481
49971	4482
49971	4483
49971	4484
49971	4485
49971	4486
49971	4487
49971	4488
49971	4489
49971	4490
49971	4491
49971	4492
49971	4493
49971	4494
49971	4495
49971	4496
49971	4497
49971	4498
49971	4499
49971	4500
49971	4501
49971	4502
49971	4503
49971	4504
49971	4505
49971	4506
49971	4507
49971	4508
49971	4509
49971	4510
49971	4511
49971	4512
49971	4513
49971	4514
49971	4515
49971	4516
49971	4517
49971	4518
49971	4519
49971	4520
49971	4521
49971	4522
49971	4523
49971	4524
49971	4525
49971	4526
49971	4527
49971	4528
49971	4529
49971	4530
49971	4531
49971	4532
49971	4533
49971	4534
49971	4535
49971	4536
49971	4537
49971	4538
49971	4539
49971	4540
49971	4541
49971	4542
49971	4543
49971	4544
49971	4545
49971	4546
49971	4547
49972	4548
49972	4549
49972	4550
49972	4551
49972	4552
49972	4553
49972	4554
49972	4555
49972	4556
49972	4557
49972	4558
49972	4559
49972	4560
49972	4561
49972	4562
49972	4563
49972	4564
49972	4565
49972	4566
49972	4567
49972	4568
49972	4569
49972	4570
49972	4571
49972	4572
49972	4573
49972	4574
49972	4575
49972	4576
49972	4577
49972	4578
49972	4579
49972	4580
49972	4581
49972	4582
49972	4583
49972	4584
49972	4585
49972	4586
49972	4587
49972	4588
49972	4589
49972	4590
49972	4591
49972	4592
49972	4593
49972	4594
49972	4595
49972	4596
49972	4597
49972	4598
49972	4599
49972	4600
49972	4601
49972	4602
49972	4603
49972	4604
49972	4605
49972	4606
49972	4607
49972	4608
49972	4609
49972	4610
49972	4611
49972	4612
49972	4613
49972	4614
49972	4615
49972	4616
49972	4617
49972	4618
49972	4619
49972	4620
49972	4621
49972	4622
49972	4623
49972	4624
49973	4625
49973	4626
49973	4627
49973	4628
49973	4629
49973	4630
49973	4631
49973	4632
49973	4633
49973	4634
49973	4635
49973	4636
49973	4637
49973	4638
49973	4639
49973	4640
49973	4641
49973	4642
49973	4643
49973	4644
49973	4645
49973	4646
49973	4647
49973	4648
49973	4649
49973	4650
49973	4651
49973	4652
49973	4653
49973	4654
49973	4655
49973	4656
49973	4657
49973	4658
49973	4659
49973	4660
49973	4661
49973	4662
49973	4663
49973	4664
49973	4665
49973	4666
49973	4667
49973	4668
49973	4669
49973	4670
49973	4671
49973	4672
49973	4673
49973	4674
49973	4675
49973	4676
49973	4677
49973	4678
49973	4679
49973	4680
49973	4681
49973	4682
49974	4683
49974	4684
49974	4685
49974	4686
49974	4687
49974	4688
49974	4689
49974	4690
49974	4691
49974	4692
49974	4693
49974	4694
49974	4695
49974	4696
49974	4697
49974	4698
49974	4699
49974	4700
49974	4701
49974	4702
49974	4703
49974	4704
49974	4705
49974	4706
49974	4707
49974	4708
49974	4709
49974	4710
49974	4711
49974	4712
49974	4713
49974	4714
49974	4715
49974	4716
49974	4717
49974	4718
49974	4719
49974	4720
49974	4721
49974	4722
49974	4723
49974	4724
49974	4725
49974	4726
49974	4727
49974	4728
49974	4729
49974	4730
49974	4731
49974	4732
49974	4733
49974	4734
49974	4735
49974	4736
49974	4737
49974	4738
49974	4739
49974	4740
49974	4741
49974	4742
49974	4743
49974	4744
49974	4745
49974	4746
49974	4747
49974	4748
49974	4749
49974	4750
49974	4751
49974	4752
49974	4753
49974	4754
49974	4755
49975	4756
49975	4757
49975	4758
49975	4759
49975	4760
49975	4761
49975	4762
49975	4763
49975	4764
49975	4765
49975	4766
49975	4767
49975	4768
49975	4769
49975	4770
49975	4771
49975	4772
49975	4773
49975	4774
49975	4775
49975	4776
49975	4777
49975	4778
49975	4779
49975	4780
49975	4781
49975	4782
49975	4783
49975	4784
49975	4785
49975	4786
49975	4787
49975	4788
49975	4789
49975	4790
49975	4791
49975	4792
49975	4793
49975	4794
49975	4795
49975	4796
49975	4797
49975	4798
49975	4799
49975	4800
49975	4801
49975	4802
49975	4803
49975	4804
49975	4805
49975	4806
49975	4807
49975	4808
49975	4809
49975	4810
49975	4811
49975	4812
49975	4813
49975	4814
49975	4815
49975	4816
49975	4817
49976	4818
49976	4819
49976	4820
49976	4821
49976	4822
49976	4823
49976	4824
49976	4825
49976	4826
49976	4827
49976	4828
49976	4829
49976	4830
49976	4831
49976	4832
49976	4833
49976	4834
49976	4835
49976	4836
49976	4837
49976	4838
49976	4839
49976	4840
49976	4841
49976	4842
49976	4843
49976	4844
49976	4845
49976	4846
49976	4847
49976	4848
49976	4849
49976	4850
49976	4851
49976	4852
49976	4853
49976	4854
49976	4855
49976	4856
49976	4857
49976	4858
49976	4859
49976	4860
49976	4861
49976	4862
49976	4863
49976	4864
49976	4865
49976	4866
49976	4867
49976	4868
49976	4869
49976	4870
49976	4871
49976	4872
49976	4873
49976	4874
49976	4875
49976	4876
49976	4877
49976	4878
49976	4879
49977	4880
49977	4881
49977	4882
49977	4883
49977	4884
49977	4885
49977	4886
49977	4887
49977	4888
49977	4889
49977	4890
49977	4891
49977	4892
49977	4893
49977	4894
49977	4895
49977	4896
49977	4897
49977	4898
49977	4899
49977	4900
49977	4901
49977	4902
49977	4903
49977	4904
49977	4905
49977	4906
49977	4907
49977	4908
49977	4909
49977	4910
49977	4911
49977	4912
49977	4913
49977	4914
49977	4915
49977	4916
49977	4917
49977	4918
49977	4919
49977	4920
49977	4921
49977	4922
49977	4923
49977	4924
49977	4925
49977	4926
49977	4927
49977	4928
49977	4929
49977	4930
49977	4931
49977	4932
49977	4933
49977	4934
49977	4935
49977	4936
49977	4937
49977	4938
49977	4939
49977	4940
49977	4941
49977	4942
49978	4943
49978	4944
49978	4945
49978	4946
49978	4947
49978	4948
49978	4949
49978	4950
49978	4951
49978	4952
49978	4953
49978	4954
49978	4955
49978	4956
49978	4957
49978	4958
49978	4959
49978	4960
49978	4961
49978	4962
49978	4963
49978	4964
49978	4965
49978	4966
49978	4967
49978	4968
49978	4969
49978	4970
49978	4971
49978	4972
49978	4973
49978	4974
49978	4975
49978	4976
49978	4977
49978	4978
49978	4979
49978	4980
49978	4981
49978	4982
49978	4983
49978	4984
49978	4985
49978	4986
49978	4987
49978	4988
49978	4989
49978	4990
49978	4991
49978	4992
49978	4993
49978	4994
49978	4995
49978	4996
49978	4997
49978	4998
49979	4999
49979	5000
49979	5001
49979	5002
49979	5003
49979	5004
49979	5005
49979	5006
49979	5007
49979	5008
49979	5009
49979	5010
49979	5011
49979	5012
49979	5013
49979	5014
49979	5015
49979	5016
49979	5017
49979	5018
49979	5019
49979	5020
49979	5021
49979	5022
49979	5023
49979	5024
49979	5025
49979	5026
49979	5027
49979	5028
49979	5029
49979	5030
49979	5031
49979	5032
49979	5033
49979	5034
49979	5035
49979	5036
49979	5037
49979	5038
49979	5039
49979	5040
49979	5041
49979	5042
49979	5043
49979	5044
49979	5045
49979	5046
49979	5047
49979	5048
49980	5049
49980	5050
49980	5051
49980	5052
49980	5053
49980	5054
49980	5055
49980	5056
49980	5057
49980	5058
49980	5059
49980	5060
49980	5061
49980	5062
49980	5063
49980	5064
49980	5065
49980	5066
49980	5067
49980	5068
49980	5069
49980	5070
49980	5071
49980	5072
49980	5073
49980	5074
49980	5075
49980	5076
49980	5077
49980	5078
49980	5079
49980	5080
49980	5081
49980	5082
49980	5083
49980	5084
49980	5085
49980	5086
49980	5087
49980	5088
49980	5089
49980	5090
49980	5091
49980	5092
49980	5093
49980	5094
49980	5095
49980	5096
49980	5097
49980	5098
49980	5099
49980	5100
49980	5101
49980	5102
49980	5103
49980	5104
49981	5105
49981	5106
49981	5107
49981	5108
49981	5109
49981	5110
49981	5111
49981	5112
49981	5113
49981	5114
49981	5115
49981	5116
49981	5117
49981	5118
49981	5119
49981	5120
49981	5121
49981	5122
49981	5123
49981	5124
49981	5125
49981	5126
49981	5127
49981	5128
49981	5129
49981	5130
49981	5131
49981	5132
49981	5133
49981	5134
49981	5135
49981	5136
49981	5137
49981	5138
49981	5139
49981	5140
49981	5141
49981	5142
49981	5143
49981	5144
49981	5145
49981	5146
49981	5147
49981	5148
49981	5149
49981	5150
49981	5151
49981	5152
49981	5153
49981	5154
49981	5155
49982	5156
49982	5157
49982	5158
49982	5159
49982	5160
49982	5161
49982	5162
49982	5163
49982	5164
49982	5165
49982	5166
49982	5167
49982	5168
49982	5169
49982	5170
49982	5171
49982	5172
49982	5173
49982	5174
49982	5175
49982	5176
49982	5177
49982	5178
49982	5179
49982	5180
49982	5181
49982	5182
49982	5183
49982	5184
49982	5185
49982	5186
49982	5187
49982	5188
49982	5189
49982	5190
49982	5191
49982	5192
49982	5193
49982	5194
49983	5195
49983	5196
49983	5197
49983	5198
49983	5199
49983	5200
49983	5201
49983	5202
49983	5203
49983	5204
49983	5205
49983	5206
49983	5207
49983	5208
49983	5209
49983	5210
49983	5211
49983	5212
49983	5213
49983	5214
49983	5215
49983	5216
49983	5217
49983	5218
49983	5219
49983	5220
49983	5221
49983	5222
49983	5223
49983	5224
49983	5225
49983	5226
49983	5227
49983	5228
49983	5229
49983	5230
49983	5231
49983	5232
49983	5233
49983	5234
49983	5235
49983	5236
49983	5237
49984	5238
49984	5239
49984	5240
49984	5241
49984	5242
49984	5243
49984	5244
49984	5245
49984	5246
49984	5247
49984	5248
49984	5249
49984	5250
49984	5251
49984	5252
49984	5253
49984	5254
49984	5255
49984	5256
49984	5257
49984	5258
49984	5259
49984	5260
49984	5261
49984	5262
49984	5263
49984	5264
49984	5265
49984	5266
49984	5267
49984	5268
49984	5269
49984	5270
49984	5271
49984	5272
49984	5273
49984	5274
49984	5275
49984	5276
49984	5277
49984	5278
49985	5279
49985	5280
49985	5281
49985	5282
49985	5283
49985	5284
49985	5285
49985	5286
49985	5287
49985	5288
49985	5289
49985	5290
49985	5291
49985	5292
49985	5293
49985	5294
49985	5295
49985	5296
49985	5297
49985	5298
49985	5299
49985	5300
49985	5301
49985	5302
49985	5303
49985	5304
49985	5305
49986	5306
49986	5307
49986	5308
49986	5309
49986	5310
49986	5311
49986	5312
49986	5313
49986	5314
49986	5315
49986	5316
49986	5317
49986	5318
49986	5319
49986	5320
49986	5321
49986	5322
49986	5323
49986	5324
49986	5325
49986	5326
49986	5327
49986	5328
49986	5329
49986	5330
49986	5331
49986	5332
49986	5333
49986	5334
49986	5335
49986	5336
49986	5337
49986	5338
49986	5339
49987	5340
49987	5341
49987	5342
49987	5343
49987	5344
49987	5345
49987	5346
49987	5347
49987	5348
49987	5349
49987	5350
49987	5351
49987	5352
49987	5353
49987	5354
49987	5355
49987	5356
49987	5357
49987	5358
49987	5359
49987	5360
49987	5361
49987	5362
49987	5363
49987	5364
49987	5365
49987	5366
49987	5367
49987	5368
49987	5369
49987	5370
49987	5371
49987	5372
49987	5373
49988	5374
49988	5375
49988	5376
49988	5377
49988	5378
49988	5379
49988	5380
49988	5381
49988	5382
49988	5383
49988	5384
49988	5385
49988	5386
49988	5387
49988	5388
49988	5389
49988	5390
49988	5391
49988	5392
49988	5393
49988	5394
49988	5395
49988	5396
49988	5397
49988	5398
49988	5399
49988	5400
49988	5401
49988	5402
49988	5403
49988	5404
49988	5405
49988	5406
49988	5407
49988	5408
49988	5409
49988	5410
49988	5411
49989	5412
49989	5413
49989	5414
49989	5415
49989	5416
49989	5417
49989	5418
49989	5419
49989	5420
49989	5421
49989	5422
49989	5423
49989	5424
49989	5425
49989	5426
49989	5427
49989	5428
49989	5429
49989	5430
49989	5431
49989	5432
49989	5433
49989	5434
49989	5435
49989	5436
49989	5437
49989	5438
49989	5439
49989	5440
49989	5441
49989	5442
49989	5443
49989	5444
49989	5445
49990	5446
49990	5447
49990	5448
49990	5449
49990	5450
49990	5451
49990	5452
49990	5453
49990	5454
49990	5455
49990	5456
49990	5457
49990	5458
49990	5459
49990	5460
49990	5461
49990	5462
49990	5463
49990	5464
49991	5465
49991	5466
49991	5467
49991	5468
49991	5469
49991	5470
49991	5471
49991	5472
49991	5473
49991	5474
49991	5475
49991	5476
49991	5477
49991	5478
49991	5479
49991	5480
49991	5481
49991	5482
49991	5483
49991	5484
49991	5485
49991	5486
49991	5487
49991	5488
49991	5489
49991	5490
49991	5491
49991	5492
49991	5493
49992	5494
49992	5495
49992	5496
49992	5497
49992	5498
49992	5499
49992	5500
49992	5501
49992	5502
49992	5503
49992	5504
49992	5505
49992	5506
49992	5507
49992	5508
49992	5509
49992	5510
49992	5511
49992	5512
49992	5513
49992	5514
49992	5515
49992	5516
49992	5517
49992	5518
49992	5519
49992	5520
49992	5521
49992	5522
49992	5523
49992	5524
49992	5525
49992	5526
49992	5527
49992	5528
49992	5529
49992	5530
49993	5531
49993	5532
49993	5533
49993	5534
49993	5535
49993	5536
49993	5537
49993	5538
49993	5539
49993	5540
49993	5541
49993	5542
49993	5543
49993	5544
49993	5545
49993	5546
49993	5547
49993	5548
49993	5549
49993	5550
49993	5551
49993	5552
49993	5553
49993	5554
49993	5555
49993	5556
49994	5557
49994	5558
49994	5559
49994	5560
49994	5561
49994	5562
49994	5563
49994	5564
49994	5565
49994	5566
49994	5567
49994	5568
49994	5569
49994	5570
49994	5571
49994	5572
49994	5573
49995	5574
49995	5575
49995	5576
49995	5577
49995	5578
49995	5579
49995	5580
49995	5581
49995	5582
49995	5583
49995	5584
49995	5585
49995	5586
49996	5587
49996	5588
49996	5589
49996	5590
49996	5591
49996	5592
49996	5593
49996	5594
49997	5595
49997	5596
49997	5597
49997	5598
49997	5599
49997	5600
49997	5601
49997	5602
49997	5603
49997	5604
49997	5605
49997	5606
49998	5607
49998	5608
49998	5609
49999	5610
49999	5611
49999	5612
