Year	Foremothers
0	1
4678	1
8325	2
8461	3
8569	4
9353	5
9373	6
9433	7
9437	8
9448	9
9471	10
9483	11
9487	12
9557	13
9562	14
9579	15
9582	16
9617	17
9634	18
9637	19
9684	20
9690	21
9698	22
9710	23
9712	24
9728	25
9729	26
9755	27
9766	28
9767	29
9775	30
9788	31
9802	32
9804	33
9824	34
9829	35
9839	36
9843	37
9844	38
9846	39
9848	40
9856	41
9857	42
9858	43
9862	44
9863	45
9865	46
9869	47
9874	48
9877	49
9880	50
9883	51
9893	52
9895	53
9899	54
9899	55
9900	56
9902	57
9909	58
9910	59
9912	60
9915	61
9920	62
9922	63
9922	64
9923	65
9924	66
9924	67
9927	68
9928	69
9929	70
9932	71
9933	72
9933	73
9933	74
9935	75
9936	76
9936	77
9938	78
9938	79
9939	80
9939	81
9939	82
9939	83
9939	84
9940	85
9941	86
9941	87
9941	88
9941	89
9941	90
9942	91
9942	92
9944	93
9944	94
9944	95
9944	96
9945	97
9946	98
9947	99
9947	100
9948	101
9949	102
9950	103
9950	104
9950	105
9950	106
9951	107
9951	108
9952	109
9952	110
9952	111
9952	112
9952	113
9953	114
9953	115
9953	116
9953	117
9954	118
9954	119
9954	120
9954	121
9955	122
9955	123
9956	124
9957	125
9957	126
9958	127
9958	128
9958	129
9959	130
9959	131
9959	132
9960	133
9960	134
9960	135
9960	136
9960	137
9960	138
9960	139
9961	140
9961	141
9961	142
9961	143
9962	144
9962	145
9962	146
9962	147
9962	148
9962	149
9964	150
9964	151
9964	152
9964	153
9964	154
9966	155
9966	156
9967	157
9967	158
9967	159
9968	160
9968	161
9968	162
9969	163
9969	164
9969	165
9969	166
9970	167
9970	168
9970	169
9970	170
9970	171
9971	172
9972	173
9972	174
9973	175
9973	176
9973	177
9975	178
9976	179
9978	180
9978	181
9978	182
9978	183
9979	184
9979	185
9980	186
9980	187
9981	188
9982	189
9982	190
9983	191
9985	192
9986	193
9986	194
9986	195
9987	196
9987	197
9988	198
9989	199
9989	200
9989	201
9990	202
9993	203
9993	204
9994	205
9996	206
9997	207
