Year	Population
0	1000
100	1527
200	1446
300	1489
400	1673
500	1693
600	1465
700	1405
800	1481
900	1352
1000	1343
1100	1140
1200	970
1300	840
1400	890
1500	1043
1600	1021
1700	1230
1800	1229
1900	1029
2000	893
2100	790
2200	801
2300	657
2400	625
2500	545
2600	548
2700	584
2800	527
2900	444
3000	437
3100	517
3200	501
3300	503
3400	448
3500	492
3600	492
3700	493
3800	432
3900	367
4000	457
4100	471
4200	687
4300	864
4400	768
4500	702
4600	847
4700	881
4800	838
4900	856
5000	830
5100	733
5200	714
5300	823
5400	831
5500	834
5600	807
5700	723
5800	780
5900	746
6000	709
6100	686
6200	689
6300	710
6400	736
6500	776
6600	585
6700	689
6800	695
6900	741
7000	898
7100	919
7200	938
7300	1043
7400	999
7500	944
7600	973
7700	1133
7800	1055
7900	1030
8000	1042
8100	1074
8200	1269
8300	1306
8400	1579
8500	1800
8600	1962
8700	1987
8800	2186
8900	2525
9000	2617
9100	2553
9200	2827
9300	3100
9400	3184
9500	3117
9600	3365
9700	3290
9800	3519
9900	3375
10000	3133

Year	Forefathers
0	3
3786	3
3894	4
4074	5
4074	6
4823	7
5028	8
5960	9
7059	10
7292	11
7555	12
7629	13
7703	14
7850	15
7919	16
8073	17
8131	18
8154	19
8246	20
8294	21
8320	22
8349	23
8356	24
8457	25
8496	26
8507	27
8513	28
8541	29
8548	30
8572	31
8573	32
8576	33
8579	34
8582	35
8680	36
8683	37
8698	38
8725	39
8780	40
8790	41
8800	42
8819	43
8830	44
8855	45
8881	46
8889	47
8899	48
8927	49
8933	50
8933	51
8946	52
8956	53
8960	54
8966	55
9013	56
9016	57
9022	58
9027	59
9051	60
9061	61
9081	62
9081	63
9087	64
9098	65
9141	66
9148	67
9151	68
9182	69
9200	70
9209	71
9220	72
9223	73
9232	74
9241	75
9243	76
9257	77
9262	78
9272	79
9275	80
9281	81
9286	82
9286	83
9288	84
9295	85
9302	86
9306	87
9316	88
9319	89
9325	90
9334	91
9347	92
9354	93
9392	94
9392	95
9396	96
9403	97
9415	98
9421	99
9429	100
9436	101
9441	102
9446	103
9447	104
9449	105
9450	106
9452	107
9456	108
9461	109
9461	110
9471	111
9483	112
9488	113
9492	114
9497	115
9509	116
9520	117
9521	118
9522	119
9526	120
9527	121
9528	122
9542	123
9542	124
9546	125
9547	126
9549	127
9552	128
9553	129
9555	130
9555	131
9557	132
9562	133
9563	134
9570	135
9574	136
9578	137
9578	138
9580	139
9582	140
9583	141
9587	142
9589	143
9595	144
9595	145
9596	146
9603	147
9603	148
9604	149
9612	150
9617	151
9618	152
9619	153
9621	154
9624	155
9626	156
9627	157
9627	158
9632	159
9633	160
9637	161
9638	162
9640	163
9640	164
9642	165
9645	166
9646	167
9650	168
9652	169
9653	170
9654	171
9655	172
9657	173
9663	174
9665	175
9670	176
9670	177
9671	178
9671	179
9677	180
9678	181
9679	182
9684	183
9686	184
9687	185
9688	186
9690	187
9690	188
9692	189
9692	190
9693	191
9694	192
9697	193
9697	194
9697	195
9698	196
9699	197
9702	198
9702	199
9705	200
9707	201
9708	202
9709	203
9710	204
9714	205
9717	206
9719	207
9723	208
9724	209
9726	210
9729	211
9731	212
9733	213
9735	214
9736	215
9738	216
9739	217
9741	218
9741	219
9746	220
9748	221
9751	222
9752	223
9753	224
9753	225
9754	226
9757	227
9757	228
9758	229
9758	230
9759	231
9759	232
9759	233
9760	234
9760	235
9763	236
9765	237
9768	238
9769	239
9770	240
9772	241
9773	242
9774	243
9775	244
9775	245
9776	246
9776	247
9776	248
9777	249
9778	250
9779	251
9782	252
9782	253
9783	254
9785	255
9786	256
9791	257
9792	258
9792	259
9793	260
9793	261
9794	262
9796	263
9797	264
9797	265
9800	266
9800	267
9804	268
9804	269
9805	270
9806	271
9808	272
9809	273
9810	274
9810	275
9810	276
9810	277
9811	278
9811	279
9812	280
9812	281
9813	282
9813	283
9814	284
9815	285
9815	286
9815	287
9816	288
9816	289
9818	290
9820	291
9822	292
9822	293
9823	294
9824	295
9825	296
9826	297
9826	298
9826	299
9826	300
9829	301
9830	302
9830	303
9830	304
9830	305
9831	306
9832	307
9832	308
9832	309
9833	310
9833	311
9833	312
9833	313
9835	314
9835	315
9836	316
9836	317
9836	318
9836	319
9836	320
9837	321
9839	322
9839	323
9840	324
9841	325
9841	326
9841	327
9842	328
9843	329
9845	330
9845	331
9845	332
9846	333
9846	334
9847	335
9847	336
9848	337
9849	338
9849	339
9852	340
9852	341
9852	342
9852	343
9853	344
9854	345
9854	346
9854	347
9855	348
9855	349
9856	350
9856	351
9857	352
9857	353
9857	354
9857	355
9859	356
9860	357
9860	358
9861	359
9862	360
9862	361
9864	362
9864	363
9864	364
9865	365
9866	366
9867	367
9867	368
9868	369
9868	370
9868	371
9869	372
9870	373
9870	374
9870	375
9871	376
9871	377
9871	378
9871	379
9872	380
9874	381
9874	382
9875	383
9875	384
9876	385
9876	386
9877	387
9878	388
9878	389
9878	390
9879	391
9880	392
9880	393
9880	394
9880	395
9881	396
9881	397
9881	398
9882	399
9884	400
9884	401
9884	402
9884	403
9884	404
9885	405
9885	406
9885	407
9885	408
9886	409
9886	410
9887	411
9887	412
9887	413
9887	414
9888	415
9888	416
9889	417
9889	418
9889	419
9890	420
9890	421
9891	422
9892	423
9892	424
9892	425
9893	426
9893	427
9893	428
9895	429
9895	430
9895	431
9895	432
9896	433
9896	434
9896	435
9896	436
9896	437
9897	438
9897	439
9898	440
9899	441
9899	442
9899	443
9900	444
9900	445
9901	446
9901	447
9901	448
9901	449
9902	450
9903	451
9903	452
9903	453
9903	454
9904	455
9904	456
9904	457
9904	458
9904	459
9904	460
9904	461
9905	462
9905	463
9906	464
9906	465
9906	466
9907	467
9907	468
9908	469
9908	470
9908	471
9908	472
9908	473
9908	474
9909	475
9909	476
9910	477
9910	478
9910	479
9910	480
9910	481
9910	482
9911	483
9911	484
9911	485
9912	486
9912	487
9913	488
9913	489
9913	490
9913	491
9913	492
9913	493
9913	494
9914	495
9914	496
9914	497
9915	498
9915	499
9915	500
9915	501
9915	502
9916	503
9916	504
9916	505
9917	506
9917	507
9917	508
9917	509
9918	510
9919	511
9919	512
9920	513
9920	514
9921	515
9922	516
9922	517
9923	518
9923	519
9923	520
9923	521
9923	522
9923	523
9923	524
9923	525
9924	526
9924	527
9924	528
9924	529
9924	530
9925	531
9925	532
9925	533
9925	534
9925	535
9925	536
9925	537
9926	538
9926	539
9926	540
9926	541
9926	542
9926	543
9926	544
9926	545
9927	546
9927	547
9927	548
9927	549
9927	550
9927	551
9927	552
9927	553
9928	554
9928	555
9928	556
9928	557
9928	558
9928	559
9929	560
9929	561
9929	562
9929	563
9929	564
9929	565
9929	566
9929	567
9929	568
9929	569
9929	570
9929	571
9930	572
9930	573
9930	574
9931	575
9931	576
9931	577
9931	578
9931	579
9931	580
9931	581
9931	582
9931	583
9931	584
9931	585
9931	586
9932	587
9932	588
9932	589
9932	590
9932	591
9932	592
9933	593
9933	594
9933	595
9933	596
9933	597
9933	598
9933	599
9933	600
9933	601
9933	602
9933	603
9934	604
9934	605
9934	606
9934	607
9934	608
9934	609
9934	610
9934	611
9934	612
9934	613
9934	614
9934	615
9934	616
9934	617
9934	618
9934	619
9934	620
9934	621
9934	622
9934	623
9935	624
9935	625
9935	626
9935	627
9935	628
9935	629
9935	630
9935	631
9935	632
9936	633
9936	634
9936	635
9936	636
9936	637
9936	638
9936	639
9936	640
9936	641
9936	642
9936	643
9936	644
9936	645
9936	646
9936	647
9936	648
9936	649
9936	650
9937	651
9937	652
9937	653
9937	654
9937	655
9937	656
9937	657
9937	658
9937	659
9938	660
9938	661
9938	662
9938	663
9938	664
9939	665
9939	666
9939	667
9939	668
9939	669
9939	670
9939	671
9939	672
9939	673
9939	674
9939	675
9939	676
9939	677
9939	678
9939	679
9939	680
9939	681
9939	682
9939	683
9939	684
9940	685
9940	686
9940	687
9940	688
9940	689
9940	690
9940	691
9940	692
9940	693
9940	694
9940	695
9940	696
9940	697
9940	698
9941	699
9941	700
9941	701
9941	702
9941	703
9941	704
9941	705
9941	706
9941	707
9941	708
9941	709
9941	710
9941	711
9941	712
9941	713
9941	714
9941	715
9941	716
9941	717
9941	718
9941	719
9941	720
9941	721
9941	722
9941	723
9941	724
9942	725
9942	726
9942	727
9942	728
9942	729
9942	730
9942	731
9942	732
9942	733
9942	734
9942	735
9942	736
9942	737
9942	738
9943	739
9943	740
9943	741
9943	742
9943	743
9943	744
9943	745
9943	746
9943	747
9943	748
9944	749
9944	750
9944	751
9944	752
9944	753
9944	754
9944	755
9944	756
9944	757
9944	758
9944	759
9944	760
9944	761
9944	762
9944	763
9944	764
9944	765
9944	766
9944	767
9945	768
9945	769
9945	770
9945	771
9945	772
9945	773
9945	774
9945	775
9945	776
9945	777
9945	778
9945	779
9945	780
9945	781
9945	782
9945	783
9945	784
9945	785
9945	786
9945	787
9945	788
9945	789
9945	790
9946	791
9946	792
9946	793
9946	794
9946	795
9946	796
9946	797
9946	798
9946	799
9946	800
9946	801
9946	802
9946	803
9946	804
9946	805
9946	806
9947	807
9947	808
9947	809
9947	810
9947	811
9947	812
9947	813
9947	814
9947	815
9947	816
9947	817
9947	818
9947	819
9947	820
9947	821
9947	822
9948	823
9948	824
9948	825
9948	826
9948	827
9948	828
9948	829
9948	830
9948	831
9948	832
9948	833
9948	834
9948	835
9948	836
9948	837
9948	838
9948	839
9949	840
9949	841
9949	842
9949	843
9949	844
9949	845
9949	846
9949	847
9949	848
9949	849
9949	850
9949	851
9949	852
9949	853
9949	854
9949	855
9949	856
9949	857
9949	858
9949	859
9950	860
9950	861
9950	862
9950	863
9950	864
9950	865
9950	866
9950	867
9950	868
9950	869
9950	870
9950	871
9950	872
9950	873
9950	874
9950	875
9950	876
9950	877
9950	878
9951	879
9951	880
9951	881
9951	882
9951	883
9951	884
9951	885
9951	886
9951	887
9951	888
9951	889
9951	890
9951	891
9951	892
9951	893
9951	894
9951	895
9951	896
9951	897
9952	898
9952	899
9952	900
9952	901
9952	902
9952	903
9952	904
9952	905
9952	906
9952	907
9952	908
9952	909
9952	910
9952	911
9952	912
9953	913
9953	914
9953	915
9953	916
9953	917
9953	918
9953	919
9953	920
9953	921
9953	922
9953	923
9953	924
9953	925
9953	926
9953	927
9953	928
9953	929
9954	930
9954	931
9954	932
9954	933
9954	934
9954	935
9954	936
9954	937
9954	938
9954	939
9954	940
9954	941
9954	942
9954	943
9954	944
9954	945
9954	946
9954	947
9955	948
9955	949
9955	950
9955	951
9955	952
9955	953
9955	954
9955	955
9955	956
9955	957
9955	958
9955	959
9955	960
9955	961
9955	962
9955	963
9955	964
9956	965
9956	966
9956	967
9956	968
9956	969
9956	970
9956	971
9956	972
9956	973
9956	974
9956	975
9956	976
9956	977
9956	978
9956	979
9956	980
9956	981
9956	982
9957	983
9957	984
9957	985
9957	986
9957	987
9957	988
9957	989
9957	990
9957	991
9957	992
9957	993
9957	994
9957	995
9957	996
9957	997
9957	998
9957	999
9957	1000
9957	1001
9957	1002
9958	1003
9958	1004
9958	1005
9958	1006
9958	1007
9958	1008
9958	1009
9958	1010
9958	1011
9958	1012
9958	1013
9958	1014
9958	1015
9958	1016
9958	1017
9958	1018
9958	1019
9958	1020
9958	1021
9958	1022
9958	1023
9958	1024
9958	1025
9958	1026
9958	1027
9959	1028
9959	1029
9959	1030
9959	1031
9959	1032
9959	1033
9959	1034
9959	1035
9959	1036
9959	1037
9959	1038
9959	1039
9959	1040
9959	1041
9959	1042
9959	1043
9959	1044
9959	1045
9959	1046
9959	1047
9959	1048
9959	1049
9959	1050
9959	1051
9959	1052
9959	1053
9959	1054
9960	1055
9960	1056
9960	1057
9960	1058
9960	1059
9960	1060
9960	1061
9960	1062
9960	1063
9960	1064
9960	1065
9960	1066
9960	1067
9960	1068
9960	1069
9960	1070
9961	1071
9961	1072
9961	1073
9961	1074
9961	1075
9961	1076
9961	1077
9961	1078
9961	1079
9961	1080
9961	1081
9961	1082
9961	1083
9961	1084
9961	1085
9961	1086
9961	1087
9961	1088
9961	1089
9961	1090
9962	1091
9962	1092
9962	1093
9962	1094
9962	1095
9962	1096
9962	1097
9962	1098
9962	1099
9962	1100
9962	1101
9962	1102
9962	1103
9962	1104
9962	1105
9962	1106
9962	1107
9962	1108
9962	1109
9962	1110
9962	1111
9962	1112
9962	1113
9962	1114
9962	1115
9963	1116
9963	1117
9963	1118
9963	1119
9963	1120
9963	1121
9963	1122
9963	1123
9963	1124
9963	1125
9963	1126
9963	1127
9963	1128
9963	1129
9963	1130
9963	1131
9963	1132
9963	1133
9964	1134
9964	1135
9964	1136
9964	1137
9964	1138
9964	1139
9964	1140
9964	1141
9964	1142
9964	1143
9964	1144
9964	1145
9964	1146
9964	1147
9964	1148
9964	1149
9964	1150
9964	1151
9964	1152
9964	1153
9964	1154
9964	1155
9964	1156
9964	1157
9964	1158
9964	1159
9964	1160
9964	1161
9964	1162
9965	1163
9965	1164
9965	1165
9965	1166
9965	1167
9965	1168
9965	1169
9965	1170
9965	1171
9965	1172
9965	1173
9965	1174
9965	1175
9965	1176
9965	1177
9965	1178
9965	1179
9965	1180
9965	1181
9965	1182
9965	1183
9965	1184
9965	1185
9965	1186
9965	1187
9965	1188
9965	1189
9965	1190
9965	1191
9965	1192
9965	1193
9965	1194
9965	1195
9965	1196
9965	1197
9966	1198
9966	1199
9966	1200
9966	1201
9966	1202
9966	1203
9966	1204
9966	1205
9966	1206
9967	1207
9967	1208
9967	1209
9967	1210
9967	1211
9967	1212
9967	1213
9967	1214
9967	1215
9967	1216
9967	1217
9967	1218
9967	1219
9967	1220
9967	1221
9967	1222
9967	1223
9967	1224
9967	1225
9967	1226
9968	1227
9968	1228
9968	1229
9968	1230
9968	1231
9968	1232
9968	1233
9968	1234
9968	1235
9968	1236
9968	1237
9968	1238
9968	1239
9968	1240
9968	1241
9969	1242
9969	1243
9969	1244
9969	1245
9969	1246
9969	1247
9969	1248
9969	1249
9969	1250
9969	1251
9969	1252
9969	1253
9969	1254
9969	1255
9969	1256
9969	1257
9969	1258
9969	1259
9969	1260
9969	1261
9969	1262
9970	1263
9970	1264
9970	1265
9970	1266
9970	1267
9970	1268
9970	1269
9970	1270
9970	1271
9970	1272
9970	1273
9970	1274
9970	1275
9970	1276
9970	1277
9970	1278
9971	1279
9971	1280
9971	1281
9971	1282
9971	1283
9971	1284
9971	1285
9971	1286
9971	1287
9971	1288
9971	1289
9971	1290
9971	1291
9972	1292
9972	1293
9972	1294
9972	1295
9972	1296
9972	1297
9972	1298
9972	1299
9972	1300
9972	1301
9972	1302
9972	1303
9972	1304
9972	1305
9972	1306
9972	1307
9972	1308
9972	1309
9972	1310
9973	1311
9973	1312
9973	1313
9973	1314
9973	1315
9973	1316
9973	1317
9973	1318
9973	1319
9973	1320
9973	1321
9973	1322
9973	1323
9974	1324
9974	1325
9974	1326
9974	1327
9974	1328
9974	1329
9974	1330
9974	1331
9974	1332
9975	1333
9975	1334
9975	1335
9975	1336
9975	1337
9975	1338
9975	1339
9975	1340
9975	1341
9975	1342
9975	1343
9975	1344
9976	1345
9976	1346
9976	1347
9976	1348
9976	1349
9976	1350
9976	1351
9976	1352
9976	1353
9976	1354
9976	1355
9976	1356
9976	1357
9976	1358
9976	1359
9976	1360
9976	1361
9976	1362
9976	1363
9976	1364
9976	1365
9976	1366
9976	1367
9976	1368
9976	1369
9976	1370
9976	1371
9976	1372
9976	1373
9976	1374
9976	1375
9977	1376
9977	1377
9977	1378
9977	1379
9977	1380
9977	1381
9977	1382
9977	1383
9977	1384
9977	1385
9977	1386
9977	1387
9977	1388
9977	1389
9977	1390
9977	1391
9978	1392
9978	1393
9978	1394
9978	1395
9978	1396
9978	1397
9978	1398
9978	1399
9978	1400
9978	1401
9978	1402
9978	1403
9978	1404
9978	1405
9978	1406
9979	1407
9979	1408
9979	1409
9979	1410
9979	1411
9979	1412
9979	1413
9979	1414
9979	1415
9979	1416
9979	1417
9979	1418
9979	1419
9979	1420
9979	1421
9979	1422
9979	1423
9980	1424
9980	1425
9980	1426
9980	1427
9980	1428
9980	1429
9980	1430
9980	1431
9980	1432
9980	1433
9980	1434
9980	1435
9980	1436
9980	1437
9980	1438
9980	1439
9981	1440
9981	1441
9981	1442
9981	1443
9981	1444
9981	1445
9981	1446
9981	1447
9981	1448
9981	1449
9981	1450
9981	1451
9981	1452
9981	1453
9981	1454
9981	1455
9981	1456
9981	1457
9982	1458
9982	1459
9982	1460
9982	1461
9982	1462
9982	1463
9982	1464
9982	1465
9982	1466
9982	1467
9982	1468
9982	1469
9982	1470
9982	1471
9983	1472
9983	1473
9983	1474
9983	1475
9983	1476
9983	1477
9983	1478
9983	1479
9983	1480
9983	1481
9983	1482
9983	1483
9983	1484
9983	1485
9984	1486
9984	1487
9984	1488
9984	1489
9984	1490
9984	1491
9984	1492
9984	1493
9984	1494
9985	1495
9985	1496
9985	1497
9985	1498
9985	1499
9985	1500
9985	1501
9985	1502
9985	1503
9985	1504
9985	1505
9985	1506
9985	1507
9985	1508
9985	1509
9986	1510
9986	1511
9986	1512
9986	1513
9986	1514
9986	1515
9986	1516
9986	1517
9986	1518
9986	1519
9987	1520
9987	1521
9987	1522
9987	1523
9987	1524
9987	1525
9987	1526
9987	1527
9987	1528
9987	1529
9987	1530
9987	1531
9987	1532
9987	1533
9988	1534
9988	1535
9988	1536
9988	1537
9988	1538
9988	1539
9988	1540
9988	1541
9988	1542
9988	1543
9988	1544
9988	1545
9988	1546
9989	1547
9989	1548
9989	1549
9989	1550
9989	1551
9989	1552
9989	1553
9989	1554
9989	1555
9990	1556
9990	1557
9990	1558
9991	1559
9991	1560
9991	1561
9991	1562
9991	1563
9991	1564
9991	1565
9991	1566
9991	1567
9992	1568
9992	1569
9992	1570
9992	1571
9992	1572
9993	1573
9993	1574
9993	1575
9993	1576
9993	1577
9994	1578
9994	1579
9994	1580
9994	1581
9994	1582
9994	1583
9994	1584
9994	1585
9994	1586
9995	1587
9995	1588
9995	1589
9996	1590
9996	1591
9996	1592
9996	1593
9996	1594
9996	1595
9996	1596
9997	1597
9997	1598
9997	1599
9997	1600

Year	Foremothers
0	1
2681	1
4478	2
4634	3
5702	4
6437	5
6494	6
6686	7
7136	8
7382	9
7494	10
7627	11
7662	12
7706	13
7737	14
7761	15
7866	16
7908	17
8041	18
8153	19
8203	20
8204	21
8293	22
8327	23
8331	24
8363	25
8369	26
8373	27
8387	28
8493	29
8536	30
8669	31
8669	32
8686	33
8704	34
8725	35
8758	36
8788	37
8830	38
8861	39
8867	40
8892	41
8893	42
8920	43
8933	44
9012	45
9026	46
9095	47
9102	48
9124	49
9128	50
9169	51
9184	52
9201	53
9204	54
9216	55
9219	56
9224	57
9248	58
9251	59
9254	60
9293	61
9294	62
9313	63
9317	64
9321	65
9326	66
9338	67
9346	68
9346	69
9368	70
9381	71
9382	72
9383	73
9385	74
9389	75
9390	76
9392	77
9403	78
9406	79
9409	80
9411	81
9415	82
9420	83
9422	84
9424	85
9436	86
9438	87
9446	88
9450	89
9463	90
9469	91
9469	92
9479	93
9504	94
9505	95
9507	96
9510	97
9510	98
9514	99
9519	100
9522	101
9522	102
9526	103
9526	104
9528	105
9528	106
9545	107
9549	108
9550	109
9555	110
9566	111
9567	112
9569	113
9580	114
9586	115
9587	116
9589	117
9593	118
9596	119
9603	120
9603	121
9611	122
9611	123
9617	124
9621	125
9625	126
9625	127
9625	128
9630	129
9630	130
9631	131
9632	132
9640	133
9641	134
9650	135
9653	136
9656	137
9660	138
9661	139
9665	140
9669	141
9673	142
9675	143
9676	144
9678	145
9679	146
9682	147
9684	148
9686	149
9687	150
9687	151
9688	152
9693	153
9693	154
9696	155
9696	156
9696	157
9698	158
9699	159
9708	160
9713	161
9715	162
9718	163
9721	164
9722	165
9725	166
9725	167
9727	168
9728	169
9739	170
9741	171
9744	172
9748	173
9748	174
9748	175
9749	176
9752	177
9753	178
9756	179
9756	180
9757	181
9757	182
9757	183
9761	184
9763	185
9763	186
9766	187
9766	188
9771	189
9771	190
9774	191
9775	192
9776	193
9776	194
9777	195
9778	196
9778	197
9781	198
9782	199
9783	200
9784	201
9785	202
9786	203
9787	204
9788	205
9789	206
9790	207
9791	208
9792	209
9792	210
9792	211
9792	212
9793	213
9794	214
9795	215
9796	216
9796	217
9796	218
9797	219
9798	220
9799	221
9799	222
9799	223
9802	224
9803	225
9803	226
9804	227
9806	228
9807	229
9808	230
9809	231
9810	232
9812	233
9812	234
9812	235
9813	236
9814	237
9814	238
9815	239
9815	240
9816	241
9816	242
9818	243
9818	244
9818	245
9818	246
9819	247
9820	248
9822	249
9822	250
9824	251
9825	252
9825	253
9828	254
9828	255
9829	256
9830	257
9832	258
9832	259
9832	260
9833	261
9833	262
9833	263
9833	264
9835	265
9835	266
9836	267
9838	268
9838	269
9841	270
9841	271
9843	272
9844	273
9845	274
9845	275
9846	276
9847	277
9847	278
9847	279
9848	280
9849	281
9849	282
9850	283
9850	284
9851	285
9852	286
9853	287
9853	288
9854	289
9855	290
9857	291
9859	292
9859	293
9860	294
9860	295
9860	296
9861	297
9862	298
9862	299
9863	300
9863	301
9863	302
9864	303
9864	304
9865	305
9866	306
9866	307
9867	308
9868	309
9868	310
9868	311
9869	312
9869	313
9869	314
9870	315
9870	316
9870	317
9871	318
9871	319
9872	320
9872	321
9872	322
9873	323
9873	324
9873	325
9874	326
9874	327
9875	328
9875	329
9875	330
9875	331
9875	332
9876	333
9877	334
9877	335
9877	336
9879	337
9879	338
9879	339
9880	340
9880	341
9880	342
9881	343
9881	344
9881	345
9882	346
9882	347
9882	348
9882	349
9883	350
9884	351
9885	352
9885	353
9886	354
9887	355
9887	356
9887	357
9887	358
9887	359
9888	360
9890	361
9892	362
9893	363
9893	364
9894	365
9895	366
9895	367
9896	368
9896	369
9896	370
9897	371
9898	372
9898	373
9898	374
9899	375
9899	376
9899	377
9900	378
9901	379
9901	380
9901	381
9901	382
9901	383
9902	384
9902	385
9902	386
9904	387
9904	388
9905	389
9905	390
9906	391
9906	392
9906	393
9906	394
9906	395
9906	396
9906	397
9907	398
9907	399
9907	400
9907	401
9908	402
9908	403
9908	404
9908	405
9908	406
9908	407
9909	408
9909	409
9909	410
9909	411
9910	412
9910	413
9910	414
9910	415
9910	416
9910	417
9911	418
9911	419
9911	420
9911	421
9911	422
9911	423
9912	424
9912	425
9912	426
9912	427
9913	428
9913	429
9913	430
9913	431
9913	432
9914	433
9914	434
9914	435
9914	436
9915	437
9915	438
9915	439
9915	440
9915	441
9915	442
9915	443
9916	444
9916	445
9916	446
9917	447
9917	448
9917	449
9918	450
9918	451
9919	452
9920	453
9920	454
9920	455
9920	456
9920	457
9920	458
9921	459
9921	460
9921	461
9921	462
9921	463
9921	464
9921	465
9921	466
9921	467
9921	468
9921	469
9921	470
9921	471
9922	472
9922	473
9922	474
9922	475
9922	476
9922	477
9923	478
9923	479
9923	480
9923	481
9923	482
9923	483
9923	484
9923	485
9923	486
9923	487
9923	488
9924	489
9924	490
9924	491
9924	492
9924	493
9925	494
9925	495
9925	496
9925	497
9925	498
9926	499
9926	500
9926	501
9926	502
9926	503
9927	504
9927	505
9927	506
9927	507
9928	508
9928	509
9928	510
9928	511
9928	512
9928	513
9928	514
9928	515
9929	516
9929	517
9929	518
9929	519
9929	520
9929	521
9929	522
9929	523
9929	524
9930	525
9930	526
9930	527
9930	528
9930	529
9930	530
9930	531
9931	532
9931	533
9931	534
9931	535
9931	536
9931	537
9931	538
9931	539
9931	540
9932	541
9932	542
9932	543
9932	544
9932	545
9932	546
9932	547
9932	548
9932	549
9932	550
9932	551
9932	552
9933	553
9933	554
9933	555
9933	556
9933	557
9933	558
9934	559
9934	560
9934	561
9934	562
9934	563
9934	564
9934	565
9935	566
9935	567
9935	568
9935	569
9935	570
9935	571
9935	572
9935	573
9935	574
9936	575
9936	576
9936	577
9936	578
9936	579
9936	580
9936	581
9936	582
9936	583
9936	584
9936	585
9936	586
9936	587
9936	588
9936	589
9937	590
9937	591
9937	592
9937	593
9938	594
9938	595
9938	596
9938	597
9938	598
9938	599
9938	600
9938	601
9938	602
9938	603
9938	604
9939	605
9939	606
9939	607
9939	608
9939	609
9939	610
9939	611
9939	612
9939	613
9939	614
9939	615
9939	616
9939	617
9939	618
9940	619
9940	620
9940	621
9940	622
9940	623
9940	624
9940	625
9940	626
9940	627
9940	628
9940	629
9940	630
9940	631
9940	632
9940	633
9940	634
9940	635
9940	636
9940	637
9940	638
9940	639
9940	640
9941	641
9941	642
9941	643
9941	644
9941	645
9941	646
9941	647
9941	648
9941	649
9941	650
9941	651
9942	652
9942	653
9942	654
9942	655
9942	656
9942	657
9942	658
9942	659
9942	660
9942	661
9943	662
9943	663
9943	664
9943	665
9943	666
9943	667
9943	668
9943	669
9943	670
9943	671
9943	672
9943	673
9943	674
9943	675
9943	676
9943	677
9944	678
9944	679
9944	680
9944	681
9944	682
9944	683
9944	684
9944	685
9944	686
9944	687
9944	688
9945	689
9945	690
9945	691
9945	692
9945	693
9945	694
9945	695
9945	696
9945	697
9945	698
9945	699
9945	700
9945	701
9945	702
9945	703
9945	704
9945	705
9945	706
9945	707
9945	708
9945	709
9945	710
9946	711
9946	712
9946	713
9946	714
9946	715
9946	716
9946	717
9946	718
9946	719
9946	720
9946	721
9946	722
9946	723
9946	724
9946	725
9946	726
9946	727
9946	728
9946	729
9946	730
9947	731
9947	732
9947	733
9947	734
9947	735
9947	736
9947	737
9947	738
9947	739
9947	740
9947	741
9947	742
9947	743
9947	744
9947	745
9947	746
9948	747
9948	748
9948	749
9948	750
9948	751
9948	752
9948	753
9948	754
9948	755
9948	756
9948	757
9948	758
9949	759
9949	760
9949	761
9949	762
9949	763
9949	764
9949	765
9949	766
9949	767
9949	768
9949	769
9949	770
9949	771
9949	772
9949	773
9949	774
9949	775
9949	776
9949	777
9950	778
9950	779
9950	780
9950	781
9950	782
9950	783
9950	784
9950	785
9950	786
9950	787
9950	788
9950	789
9950	790
9950	791
9950	792
9950	793
9951	794
9951	795
9951	796
9951	797
9951	798
9951	799
9951	800
9951	801
9951	802
9951	803
9951	804
9951	805
9951	806
9951	807
9951	808
9951	809
9951	810
9952	811
9952	812
9952	813
9952	814
9952	815
9952	816
9952	817
9952	818
9952	819
9952	820
9952	821
9952	822
9952	823
9952	824
9952	825
9952	826
9952	827
9952	828
9952	829
9952	830
9953	831
9953	832
9953	833
9953	834
9953	835
9953	836
9953	837
9953	838
9953	839
9953	840
9953	841
9953	842
9953	843
9953	844
9953	845
9953	846
9953	847
9953	848
9953	849
9953	850
9953	851
9953	852
9954	853
9954	854
9954	855
9954	856
9954	857
9954	858
9954	859
9954	860
9954	861
9954	862
9954	863
9954	864
9954	865
9954	866
9954	867
9954	868
9954	869
9954	870
9954	871
9954	872
9954	873
9955	874
9955	875
9955	876
9955	877
9955	878
9955	879
9955	880
9955	881
9955	882
9955	883
9955	884
9955	885
9955	886
9955	887
9955	888
9955	889
9955	890
9955	891
9955	892
9955	893
9955	894
9955	895
9955	896
9955	897
9955	898
9955	899
9955	900
9955	901
9955	902
9955	903
9955	904
9955	905
9956	906
9956	907
9956	908
9956	909
9956	910
9956	911
9956	912
9956	913
9956	914
9956	915
9956	916
9956	917
9956	918
9956	919
9956	920
9956	921
9956	922
9956	923
9956	924
9956	925
9956	926
9956	927
9957	928
9957	929
9957	930
9957	931
9957	932
9957	933
9957	934
9957	935
9957	936
9957	937
9957	938
9957	939
9957	940
9957	941
9957	942
9957	943
9957	944
9957	945
9957	946
9957	947
9957	948
9957	949
9957	950
9957	951
9958	952
9958	953
9958	954
9958	955
9958	956
9958	957
9958	958
9958	959
9958	960
9958	961
9958	962
9958	963
9958	964
9958	965
9958	966
9958	967
9958	968
9958	969
9958	970
9958	971
9958	972
9958	973
9958	974
9958	975
9959	976
9959	977
9959	978
9959	979
9959	980
9959	981
9959	982
9959	983
9959	984
9959	985
9959	986
9959	987
9959	988
9960	989
9960	990
9960	991
9960	992
9960	993
9960	994
9960	995
9960	996
9960	997
9960	998
9960	999
9960	1000
9960	1001
9960	1002
9961	1003
9961	1004
9961	1005
9961	1006
9961	1007
9961	1008
9961	1009
9961	1010
9961	1011
9961	1012
9961	1013
9961	1014
9961	1015
9961	1016
9961	1017
9961	1018
9961	1019
9961	1020
9961	1021
9961	1022
9961	1023
9961	1024
9962	1025
9962	1026
9962	1027
9962	1028
9962	1029
9962	1030
9962	1031
9962	1032
9962	1033
9962	1034
9962	1035
9962	1036
9962	1037
9962	1038
9962	1039
9962	1040
9962	1041
9962	1042
9962	1043
9962	1044
9962	1045
9963	1046
9963	1047
9963	1048
9963	1049
9963	1050
9963	1051
9963	1052
9963	1053
9963	1054
9963	1055
9963	1056
9963	1057
9963	1058
9963	1059
9963	1060
9963	1061
9963	1062
9963	1063
9963	1064
9963	1065
9963	1066
9963	1067
9964	1068
9964	1069
9964	1070
9964	1071
9964	1072
9964	1073
9964	1074
9964	1075
9964	1076
9964	1077
9964	1078
9964	1079
9964	1080
9964	1081
9964	1082
9964	1083
9964	1084
9964	1085
9964	1086
9964	1087
9964	1088
9964	1089
9964	1090
9964	1091
9964	1092
9964	1093
9964	1094
9964	1095
9964	1096
9964	1097
9964	1098
9964	1099
9965	1100
9965	1101
9965	1102
9965	1103
9965	1104
9965	1105
9965	1106
9965	1107
9965	1108
9965	1109
9965	1110
9965	1111
9965	1112
9965	1113
9966	1114
9966	1115
9966	1116
9966	1117
9966	1118
9966	1119
9966	1120
9966	1121
9966	1122
9966	1123
9966	1124
9966	1125
9966	1126
9966	1127
9966	1128
9966	1129
9967	1130
9967	1131
9967	1132
9967	1133
9967	1134
9967	1135
9967	1136
9967	1137
9967	1138
9967	1139
9967	1140
9967	1141
9967	1142
9967	1143
9967	1144
9967	1145
9967	1146
9967	1147
9967	1148
9968	1149
9968	1150
9968	1151
9968	1152
9968	1153
9968	1154
9968	1155
9968	1156
9968	1157
9968	1158
9968	1159
9968	1160
9968	1161
9968	1162
9968	1163
9968	1164
9968	1165
9968	1166
9968	1167
9968	1168
9968	1169
9968	1170
9969	1171
9969	1172
9969	1173
9969	1174
9969	1175
9969	1176
9969	1177
9969	1178
9969	1179
9969	1180
9969	1181
9969	1182
9969	1183
9969	1184
9969	1185
9969	1186
9969	1187
9969	1188
9969	1189
9970	1190
9970	1191
9970	1192
9970	1193
9970	1194
9970	1195
9970	1196
9970	1197
9970	1198
9970	1199
9970	1200
9970	1201
9970	1202
9970	1203
9970	1204
9970	1205
9970	1206
9970	1207
9970	1208
9970	1209
9970	1210
9970	1211
9970	1212
9970	1213
9970	1214
9970	1215
9970	1216
9970	1217
9971	1218
9971	1219
9971	1220
9971	1221
9971	1222
9971	1223
9971	1224
9971	1225
9971	1226
9971	1227
9971	1228
9971	1229
9971	1230
9971	1231
9971	1232
9972	1233
9972	1234
9972	1235
9972	1236
9972	1237
9972	1238
9972	1239
9972	1240
9972	1241
9972	1242
9972	1243
9972	1244
9972	1245
9972	1246
9972	1247
9972	1248
9972	1249
9972	1250
9972	1251
9972	1252
9972	1253
9972	1254
9973	1255
9973	1256
9973	1257
9973	1258
9973	1259
9973	1260
9973	1261
9973	1262
9973	1263
9973	1264
9973	1265
9973	1266
9973	1267
9973	1268
9973	1269
9973	1270
9973	1271
9973	1272
9974	1273
9974	1274
9974	1275
9974	1276
9974	1277
9974	1278
9974	1279
9974	1280
9974	1281
9974	1282
9974	1283
9974	1284
9974	1285
9974	1286
9974	1287
9974	1288
9974	1289
9974	1290
9974	1291
9974	1292
9974	1293
9974	1294
9974	1295
9974	1296
9974	1297
9974	1298
9975	1299
9975	1300
9975	1301
9975	1302
9975	1303
9975	1304
9975	1305
9975	1306
9975	1307
9975	1308
9975	1309
9975	1310
9975	1311
9975	1312
9975	1313
9976	1314
9976	1315
9976	1316
9976	1317
9976	1318
9976	1319
9976	1320
9976	1321
9976	1322
9976	1323
9976	1324
9976	1325
9976	1326
9976	1327
9976	1328
9976	1329
9976	1330
9976	1331
9976	1332
9977	1333
9977	1334
9977	1335
9977	1336
9977	1337
9977	1338
9977	1339
9977	1340
9977	1341
9977	1342
9977	1343
9977	1344
9977	1345
9977	1346
9977	1347
9977	1348
9977	1349
9977	1350
9977	1351
9977	1352
9977	1353
9977	1354
9977	1355
9977	1356
9978	1357
9978	1358
9978	1359
9978	1360
9978	1361
9978	1362
9978	1363
9978	1364
9978	1365
9978	1366
9978	1367
9978	1368
9978	1369
9978	1370
9978	1371
9979	1372
9979	1373
9979	1374
9979	1375
9979	1376
9979	1377
9979	1378
9979	1379
9979	1380
9979	1381
9979	1382
9979	1383
9979	1384
9979	1385
9979	1386
9979	1387
9980	1388
9980	1389
9980	1390
9980	1391
9980	1392
9980	1393
9980	1394
9980	1395
9980	1396
9980	1397
9980	1398
9980	1399
9980	1400
9980	1401
9980	1402
9980	1403
9981	1404
9981	1405
9981	1406
9981	1407
9981	1408
9981	1409
9981	1410
9981	1411
9981	1412
9981	1413
9981	1414
9981	1415
9982	1416
9982	1417
9982	1418
9982	1419
9982	1420
9982	1421
9982	1422
9982	1423
9982	1424
9983	1425
9983	1426
9983	1427
9983	1428
9983	1429
9983	1430
9983	1431
9983	1432
9984	1433
9984	1434
9984	1435
9984	1436
9984	1437
9984	1438
9984	1439
9985	1440
9985	1441
9985	1442
9985	1443
9985	1444
9986	1445
9986	1446
9986	1447
9986	1448
9986	1449
9986	1450
9986	1451
9986	1452
9986	1453
9986	1454
9987	1455
9987	1456
9987	1457
9987	1458
9987	1459
9987	1460
9987	1461
9987	1462
9987	1463
9988	1464
9988	1465
9988	1466
9988	1467
9988	1468
9988	1469
9988	1470
9988	1471
9988	1472
9989	1473
9989	1474
9989	1475
9989	1476
9989	1477
9989	1478
9989	1479
9990	1480
9990	1481
9990	1482
9990	1483
9990	1484
9990	1485
9990	1486
9990	1487
9990	1488
9990	1489
9990	1490
9990	1491
9991	1492
9991	1493
9991	1494
9991	1495
9992	1496
9992	1497
9992	1498
9992	1499
9992	1500
9992	1501
9992	1502
9992	1503
9992	1504
9992	1505
9993	1506
9993	1507
9993	1508
9993	1509
9993	1510
9993	1511
9994	1512
9994	1513
9994	1514
9994	1515
9994	1516
9994	1517
9995	1518
9995	1519
9995	1520
9996	1521
9996	1522
9996	1523
9996	1524
9996	1525
9996	1526
9996	1527
9997	1528
9998	1529
