Year	Population
0	1000
100	1297
200	1186
300	1061
400	1097
500	1231
600	1295
700	1294
800	1257
900	1268
1000	1462
1100	1394
1200	1292
1300	1251
1400	1443
1500	1546
1600	1508
1700	1496
1800	1517
1900	1405
2000	1433
2100	1411
2200	1192
2300	1104
2400	1005
2500	971
2600	775
2700	767
2800	660
2900	721
3000	674
3100	674
3200	582
3300	631
3400	630
3500	764
3600	831
3700	966
3800	924
3900	868
4000	955
4100	905
4200	733
4300	726
4400	585
4500	614
4600	587
4700	697
4800	562
4900	595
5000	589
5100	554
5200	603
5300	589
5400	434
5500	428
5600	322
5700	358
5800	412
5900	395
6000	418
6100	326
6200	349
6300	259
6400	187
6500	146
6600	212
6700	244
6800	219
6900	224
7000	242
7100	183
7200	204
7300	351
7400	357
7500	505
7600	515
7700	526
7800	549
7900	500
8000	468
8100	532
8200	419
8300	486
8400	487
8500	474
8600	630
8700	735
8800	739
8900	714
9000	711
9100	590
9200	690
9300	695
9400	727
9500	706
9600	781
9700	872
9800	1002
9900	1009
10000	970
