Year	Forefathers
0	1
330	2
7022	3
10593	4
11274	5
27595	6
27811	7
30131	8
31384	9
31851	10
32876	11
34936	12
37672	13
38301	14
38487	15
38703	16
39248	17
39712	18
40028	19
40502	20
40618	21
40891	22
41740	23
42089	24
42366	25
42650	26
43293	27
43300	28
43389	29
43499	30
43582	31
43713	32
43825	33
43863	34
44057	35
44412	36
44526	37
44700	38
44701	39
44799	40
44894	41
44977	42
45006	43
45093	44
45283	45
45368	46
45450	47
45465	48
45476	49
45566	50
45588	51
45694	52
45696	53
45827	54
46052	55
46164	56
46252	57
46269	58
46269	59
46346	60
46439	61
46488	62
46502	63
46537	64
46649	65
46696	66
46720	67
46724	68
46742	69
46863	70
46900	71
46913	72
46914	73
46923	74
47053	75
47077	76
47145	77
47173	78
47185	79
47209	80
47313	81
47321	82
47326	83
47366	84
47373	85
47389	86
47395	87
47481	88
47494	89
47502	90
47527	91
47568	92
47621	93
47651	94
47671	95
47674	96
47692	97
47721	98
47758	99
47776	100
47814	101
47825	102
47842	103
47852	104
47874	105
47880	106
47903	107
47967	108
47995	109
47999	110
48009	111
48030	112
48031	113
48033	114
48049	115
48055	116
48078	117
48119	118
48123	119
48124	120
48147	121
48241	122
48243	123
48251	124
48252	125
48254	126
48254	127
48258	128
48275	129
48279	130
48286	131
48299	132
48311	133
48312	134
48339	135
48344	136
48362	137
48364	138
48372	139
48391	140
48401	141
48423	142
48461	143
48463	144
48490	145
48497	146
48500	147
48500	148
48519	149
48531	150
48545	151
48547	152
48548	153
48550	154
48553	155
48555	156
48564	157
48568	158
48581	159
48581	160
48586	161
48614	162
48617	163
48647	164
48647	165
48648	166
48670	167
48670	168
48671	169
48674	170
48678	171
48687	172
48688	173
48694	174
48695	175
48703	176
48709	177
48747	178
48764	179
48784	180
48786	181
48792	182
48809	183
48815	184
48818	185
48818	186
48823	187
48828	188
48829	189
48830	190
48833	191
48835	192
48847	193
48855	194
48857	195
48863	196
48869	197
48878	198
48896	199
48899	200
48900	201
48904	202
48911	203
48911	204
48913	205
48915	206
48917	207
48924	208
48925	209
48933	210
48935	211
48947	212
48947	213
48948	214
48956	215
48957	216
48957	217
48962	218
48966	219
48966	220
48971	221
48977	222
48991	223
48993	224
49000	225
49003	226
49005	227
49009	228
49014	229
49016	230
49026	231
49043	232
49046	233
49047	234
49048	235
49048	236
49054	237
49061	238
49063	239
49069	240
49074	241
49078	242
49081	243
49085	244
49086	245
49088	246
49090	247
49101	248
49103	249
49103	250
49108	251
49110	252
49111	253
49112	254
49115	255
49117	256
49122	257
49125	258
49126	259
49129	260
49133	261
49134	262
49135	263
49139	264
49141	265
49147	266
49150	267
49151	268
49153	269
49154	270
49154	271
49155	272
49156	273
49156	274
49157	275
49159	276
49160	277
49161	278
49164	279
49173	280
49182	281
49186	282
49188	283
49188	284
49190	285
49191	286
49192	287
49200	288
49206	289
49206	290
49206	291
49210	292
49218	293
49219	294
49219	295
49219	296
49223	297
49223	298
49224	299
49231	300
49234	301
49239	302
49242	303
49248	304
49248	305
49249	306
49249	307
49259	308
49269	309
49269	310
49270	311
49276	312
49281	313
49282	314
49284	315
49290	316
49290	317
49294	318
49296	319
49299	320
49302	321
49304	322
49308	323
49313	324
49314	325
49317	326
49321	327
49321	328
49322	329
49322	330
49322	331
49323	332
49323	333
49325	334
49332	335
49336	336
49342	337
49347	338
49348	339
49352	340
49352	341
49352	342
49358	343
49360	344
49364	345
49366	346
49370	347
49375	348
49375	349
49382	350
49385	351
49387	352
49387	353
49388	354
49389	355
49390	356
49390	357
49392	358
49394	359
49394	360
49394	361
49394	362
49395	363
49400	364
49401	365
49401	366
49409	367
49410	368
49411	369
49413	370
49414	371
49414	372
49415	373
49415	374
49415	375
49416	376
49417	377
49421	378
49421	379
49421	380
49424	381
49425	382
49427	383
49431	384
49433	385
49435	386
49437	387
49438	388
49438	389
49441	390
49444	391
49446	392
49446	393
49449	394
49455	395
49455	396
49455	397
49455	398
49456	399
49459	400
49459	401
49462	402
49464	403
49464	404
49468	405
49470	406
49473	407
49475	408
49475	409
49476	410
49478	411
49480	412
49481	413
49483	414
49483	415
49485	416
49487	417
49490	418
49491	419
49491	420
49493	421
49495	422
49498	423
49498	424
49499	425
49499	426
49500	427
49501	428
49502	429
49502	430
49503	431
49504	432
49506	433
49507	434
49509	435
49509	436
49510	437
49513	438
49514	439
49514	440
49515	441
49520	442
49520	443
49521	444
49522	445
49522	446
49523	447
49524	448
49524	449
49525	450
49525	451
49526	452
49527	453
49528	454
49529	455
49530	456
49531	457
49534	458
49534	459
49536	460
49539	461
49539	462
49541	463
49542	464
49543	465
49543	466
49544	467
49544	468
49545	469
49546	470
49546	471
49547	472
49548	473
49549	474
49550	475
49551	476
49552	477
49552	478
49552	479
49554	480
49557	481
49558	482
49559	483
49561	484
49564	485
49564	486
49567	487
49568	488
49568	489
49568	490
49570	491
49570	492
49570	493
49571	494
49571	495
49572	496
49572	497
49574	498
49578	499
49578	500
49579	501
49579	502
49580	503
49583	504
49583	505
49584	506
49584	507
49584	508
49587	509
49587	510
49588	511
49589	512
49589	513
49589	514
49590	515
49593	516
49595	517
49596	518
49597	519
49597	520
49599	521
49600	522
49600	523
49601	524
49601	525
49602	526
49603	527
49603	528
49603	529
49604	530
49606	531
49607	532
49610	533
49610	534
49612	535
49612	536
49612	537
49612	538
49613	539
49614	540
49614	541
49615	542
49616	543
49617	544
49617	545
49618	546
49619	547
49619	548
49619	549
49619	550
49620	551
49621	552
49622	553
49622	554
49622	555
49622	556
49623	557
49623	558
49626	559
49627	560
49627	561
49628	562
49628	563
49631	564
49631	565
49631	566
49631	567
49632	568
49632	569
49632	570
49633	571
49634	572
49634	573
49635	574
49636	575
49636	576
49636	577
49637	578
49637	579
49638	580
49638	581
49638	582
49639	583
49640	584
49640	585
49640	586
49640	587
49641	588
49641	589
49641	590
49643	591
49643	592
49644	593
49644	594
49645	595
49645	596
49645	597
49646	598
49648	599
49648	600
49649	601
49650	602
49650	603
49651	604
49651	605
49652	606
49653	607
49653	608
49655	609
49656	610
49657	611
49657	612
49657	613
49659	614
49660	615
49660	616
49661	617
49662	618
49662	619
49662	620
49664	621
49665	622
49666	623
49666	624
49666	625
49666	626
49667	627
49667	628
49667	629
49669	630
49670	631
49670	632
49670	633
49670	634
49670	635
49670	636
49671	637
49671	638
49671	639
49673	640
49673	641
49677	642
49678	643
49678	644
49678	645
49679	646
49679	647
49679	648
49679	649
49680	650
49680	651
49680	652
49683	653
49684	654
49685	655
49685	656
49685	657
49687	658
49688	659
49690	660
49690	661
49691	662
49691	663
49693	664
49693	665
49694	666
49694	667
49694	668
49694	669
49695	670
49698	671
49698	672
49699	673
49700	674
49701	675
49702	676
49702	677
49702	678
49702	679
49703	680
49704	681
49704	682
49705	683
49705	684
49705	685
49708	686
49708	687
49708	688
49708	689
49710	690
49711	691
49712	692
49712	693
49712	694
49712	695
49713	696
49714	697
49714	698
49715	699
49716	700
49716	701
49716	702
49716	703
49717	704
49718	705
49718	706
49719	707
49719	708
49719	709
49719	710
49720	711
49721	712
49721	713
49721	714
49722	715
49723	716
49723	717
49724	718
49724	719
49724	720
49724	721
49724	722
49725	723
49725	724
49726	725
49726	726
49727	727
49727	728
49728	729
49728	730
49728	731
49730	732
49730	733
49731	734
49732	735
49732	736
49732	737
49733	738
49733	739
49733	740
49734	741
49734	742
49734	743
49734	744
49735	745
49735	746
49735	747
49735	748
49736	749
49736	750
49736	751
49736	752
49737	753
49737	754
49737	755
49737	756
49738	757
49738	758
49738	759
49738	760
49738	761
49739	762
49739	763
49740	764
49740	765
49741	766
49742	767
49742	768
49744	769
49745	770
49745	771
49746	772
49746	773
49746	774
49747	775
49747	776
49747	777
49747	778
49747	779
49748	780
49748	781
49748	782
49749	783
49749	784
49749	785
49749	786
49750	787
49750	788
49750	789
49750	790
49751	791
49751	792
49752	793
49753	794
49753	795
49754	796
49755	797
49755	798
49756	799
49756	800
49756	801
49756	802
49757	803
49758	804
49758	805
49758	806
49759	807
49759	808
49759	809
49760	810
49760	811
49760	812
49761	813
49761	814
49761	815
49761	816
49762	817
49762	818
49763	819
49763	820
49763	821
49763	822
49764	823
49764	824
49764	825
49764	826
49765	827
49765	828
49765	829
49767	830
49767	831
49767	832
49767	833
49768	834
49768	835
49768	836
49769	837
49769	838
49770	839
49770	840
49770	841
49771	842
49771	843
49771	844
49772	845
49772	846
49772	847
49772	848
49772	849
49772	850
49772	851
49773	852
49773	853
49774	854
49774	855
49774	856
49774	857
49774	858
49775	859
49775	860
49775	861
49775	862
49776	863
49776	864
49777	865
49777	866
49777	867
49778	868
49778	869
49778	870
49779	871
49779	872
49779	873
49779	874
49779	875
49779	876
49780	877
49780	878
49780	879
49780	880
49780	881
49780	882
49780	883
49781	884
49781	885
49782	886
49782	887
49783	888
49783	889
49783	890
49785	891
49785	892
49785	893
49786	894
49786	895
49787	896
49787	897
49787	898
49787	899
49787	900
49788	901
49788	902
49790	903
49790	904
49791	905
49791	906
49791	907
49792	908
49792	909
49792	910
49793	911
49793	912
49793	913
49794	914
49794	915
49794	916
49795	917
49795	918
49795	919
49795	920
49795	921
49796	922
49796	923
49796	924
49796	925
49796	926
49796	927
49796	928
49796	929
49797	930
49797	931
49797	932
49797	933
49797	934
49798	935
49798	936
49798	937
49798	938
49799	939
49799	940
49800	941
49800	942
49800	943
49800	944
49800	945
49800	946
49801	947
49801	948
49801	949
49801	950
49802	951
49802	952
49802	953
49803	954
49803	955
49805	956
49805	957
49805	958
49805	959
49806	960
49806	961
49806	962
49807	963
49807	964
49807	965
49807	966
49807	967
49807	968
49808	969
49808	970
49808	971
49808	972
49808	973
49809	974
49809	975
49809	976
49810	977
49810	978
49810	979
49810	980
49810	981
49811	982
49811	983
49812	984
49812	985
49812	986
49812	987
49812	988
49812	989
49813	990
49813	991
49813	992
49814	993
49814	994
49814	995
49814	996
49815	997
49815	998
49815	999
49815	1000
49815	1001
49815	1002
49816	1003
49816	1004
49816	1005
49816	1006
49817	1007
49817	1008
49817	1009
49817	1010
49817	1011
49817	1012
49818	1013
49818	1014
49818	1015
49818	1016
49818	1017
49818	1018
49818	1019
49819	1020
49819	1021
49819	1022
49819	1023
49819	1024
49820	1025
49820	1026
49820	1027
49820	1028
49821	1029
49822	1030
49822	1031
49822	1032
49822	1033
49823	1034
49824	1035
49824	1036
49824	1037
49824	1038
49825	1039
49825	1040
49825	1041
49825	1042
49825	1043
49825	1044
49825	1045
49826	1046
49826	1047
49826	1048
49826	1049
49826	1050
49826	1051
49827	1052
49827	1053
49827	1054
49827	1055
49827	1056
49827	1057
49827	1058
49828	1059
49828	1060
49828	1061
49828	1062
49828	1063
49829	1064
49829	1065
49829	1066
49829	1067
49829	1068
49829	1069
49830	1070
49830	1071
49830	1072
49830	1073
49830	1074
49831	1075
49831	1076
49831	1077
49831	1078
49831	1079
49831	1080
49831	1081
49832	1082
49832	1083
49832	1084
49832	1085
49832	1086
49833	1087
49833	1088
49833	1089
49833	1090
49833	1091
49833	1092
49833	1093
49833	1094
49834	1095
49834	1096
49834	1097
49834	1098
49834	1099
49834	1100
49834	1101
49835	1102
49835	1103
49835	1104
49836	1105
49836	1106
49837	1107
49837	1108
49837	1109
49837	1110
49838	1111
49838	1112
49838	1113
49838	1114
49838	1115
49838	1116
49838	1117
49838	1118
49838	1119
49839	1120
49839	1121
49839	1122
49839	1123
49839	1124
49840	1125
49840	1126
49840	1127
49840	1128
49840	1129
49841	1130
49841	1131
49841	1132
49842	1133
49842	1134
49842	1135
49842	1136
49842	1137
49842	1138
49843	1139
49843	1140
49843	1141
49843	1142
49843	1143
49843	1144
49843	1145
49843	1146
49843	1147
49843	1148
49844	1149
49844	1150
49844	1151
49844	1152
49844	1153
49844	1154
49844	1155
49844	1156
49844	1157
49845	1158
49845	1159
49845	1160
49845	1161
49845	1162
49846	1163
49846	1164
49846	1165
49847	1166
49847	1167
49847	1168
49847	1169
49848	1170
49848	1171
49848	1172
49848	1173
49849	1174
49849	1175
49849	1176
49849	1177
49849	1178
49850	1179
49850	1180
49850	1181
49850	1182
49850	1183
49850	1184
49851	1185
49851	1186
49851	1187
49851	1188
49851	1189
49851	1190
49852	1191
49852	1192
49852	1193
49852	1194
49852	1195
49852	1196
49853	1197
49853	1198
49853	1199
49853	1200
49853	1201
49853	1202
49853	1203
49853	1204
49854	1205
49854	1206
49854	1207
49854	1208
49854	1209
49854	1210
49854	1211
49854	1212
49854	1213
49855	1214
49855	1215
49855	1216
49855	1217
49855	1218
49855	1219
49855	1220
49855	1221
49856	1222
49856	1223
49856	1224
49856	1225
49857	1226
49858	1227
49858	1228
49858	1229
49858	1230
49858	1231
49858	1232
49858	1233
49858	1234
49859	1235
49859	1236
49859	1237
49859	1238
49859	1239
49859	1240
49859	1241
49859	1242
49859	1243
49860	1244
49860	1245
49860	1246
49860	1247
49860	1248
49860	1249
49860	1250
49860	1251
49860	1252
49861	1253
49861	1254
49861	1255
49861	1256
49861	1257
49861	1258
49862	1259
49862	1260
49862	1261
49862	1262
49862	1263
49862	1264
49862	1265
49862	1266
49862	1267
49862	1268
49862	1269
49862	1270
49863	1271
49863	1272
49863	1273
49863	1274
49863	1275
49863	1276
49863	1277
49864	1278
49864	1279
49864	1280
49864	1281
49864	1282
49864	1283
49864	1284
49864	1285
49864	1286
49864	1287
49864	1288
49864	1289
49864	1290
49865	1291
49865	1292
49865	1293
49865	1294
49865	1295
49865	1296
49865	1297
49865	1298
49865	1299
49866	1300
49866	1301
49866	1302
49866	1303
49866	1304
49866	1305
49867	1306
49867	1307
49867	1308
49867	1309
49867	1310
49867	1311
49867	1312
49868	1313
49868	1314
49868	1315
49868	1316
49868	1317
49869	1318
49869	1319
49869	1320
49869	1321
49869	1322
49870	1323
49870	1324
49870	1325
49870	1326
49870	1327
49870	1328
49870	1329
49870	1330
49870	1331
49870	1332
49870	1333
49871	1334
49871	1335
49871	1336
49871	1337
49871	1338
49871	1339
49871	1340
49872	1341
49872	1342
49872	1343
49872	1344
49872	1345
49872	1346
49872	1347
49872	1348
49872	1349
49872	1350
49872	1351
49873	1352
49873	1353
49873	1354
49873	1355
49873	1356
49873	1357
49874	1358
49874	1359
49874	1360
49874	1361
49874	1362
49874	1363
49874	1364
49874	1365
49874	1366
49874	1367
49874	1368
49874	1369
49874	1370
49875	1371
49875	1372
49875	1373
49875	1374
49875	1375
49875	1376
49875	1377
49875	1378
49875	1379
49876	1380
49876	1381
49876	1382
49876	1383
49876	1384
49877	1385
49877	1386
49877	1387
49877	1388
49877	1389
49877	1390
49877	1391
49877	1392
49877	1393
49877	1394
49877	1395
49877	1396
49877	1397
49877	1398
49878	1399
49878	1400
49878	1401
49878	1402
49878	1403
49878	1404
49878	1405
49878	1406
49878	1407
49878	1408
49878	1409
49878	1410
49878	1411
49878	1412
49879	1413
49879	1414
49879	1415
49879	1416
49879	1417
49879	1418
49879	1419
49879	1420
49879	1421
49879	1422
49880	1423
49880	1424
49880	1425
49880	1426
49880	1427
49880	1428
49880	1429
49881	1430
49881	1431
49881	1432
49881	1433
49881	1434
49881	1435
49881	1436
49881	1437
49881	1438
49881	1439
49882	1440
49882	1441
49882	1442
49882	1443
49882	1444
49882	1445
49882	1446
49883	1447
49883	1448
49883	1449
49883	1450
49883	1451
49883	1452
49883	1453
49883	1454
49883	1455
49883	1456
49883	1457
49883	1458
49883	1459
49884	1460
49884	1461
49884	1462
49884	1463
49884	1464
49884	1465
49884	1466
49885	1467
49885	1468
49885	1469
49885	1470
49885	1471
49885	1472
49885	1473
49885	1474
49885	1475
49885	1476
49885	1477
49885	1478
49886	1479
49886	1480
49886	1481
49886	1482
49886	1483
49886	1484
49886	1485
49886	1486
49886	1487
49887	1488
49887	1489
49887	1490
49887	1491
49887	1492
49887	1493
49887	1494
49887	1495
49887	1496
49887	1497
49887	1498
49887	1499
49887	1500
49887	1501
49887	1502
49887	1503
49887	1504
49887	1505
49887	1506
49887	1507
49887	1508
49887	1509
49887	1510
49888	1511
49888	1512
49888	1513
49888	1514
49888	1515
49888	1516
49888	1517
49888	1518
49888	1519
49888	1520
49889	1521
49889	1522
49889	1523
49889	1524
49889	1525
49889	1526
49889	1527
49889	1528
49889	1529
49889	1530
49889	1531
49889	1532
49890	1533
49890	1534
49890	1535
49890	1536
49890	1537
49890	1538
49890	1539
49890	1540
49890	1541
49890	1542
49890	1543
49890	1544
49890	1545
49890	1546
49890	1547
49891	1548
49891	1549
49891	1550
49891	1551
49891	1552
49891	1553
49891	1554
49891	1555
49891	1556
49891	1557
49892	1558
49892	1559
49892	1560
49892	1561
49892	1562
49892	1563
49892	1564
49892	1565
49892	1566
49892	1567
49892	1568
49892	1569
49893	1570
49893	1571
49893	1572
49893	1573
49893	1574
49893	1575
49893	1576
49893	1577
49893	1578
49893	1579
49893	1580
49893	1581
49894	1582
49894	1583
49894	1584
49894	1585
49894	1586
49894	1587
49894	1588
49894	1589
49894	1590
49894	1591
49894	1592
49895	1593
49895	1594
49895	1595
49895	1596
49895	1597
49895	1598
49895	1599
49895	1600
49895	1601
49895	1602
49895	1603
49895	1604
49896	1605
49896	1606
49896	1607
49896	1608
49896	1609
49896	1610
49896	1611
49896	1612
49896	1613
49896	1614
49896	1615
49896	1616
49896	1617
49896	1618
49896	1619
49896	1620
49896	1621
49896	1622
49897	1623
49897	1624
49897	1625
49897	1626
49897	1627
49897	1628
49897	1629
49897	1630
49897	1631
49897	1632
49897	1633
49897	1634
49897	1635
49897	1636
49897	1637
49897	1638
49897	1639
49897	1640
49897	1641
49898	1642
49898	1643
49898	1644
49898	1645
49898	1646
49898	1647
49898	1648
49898	1649
49898	1650
49898	1651
49898	1652
49898	1653
49898	1654
49898	1655
49899	1656
49899	1657
49899	1658
49899	1659
49899	1660
49899	1661
49899	1662
49899	1663
49899	1664
49900	1665
49900	1666
49900	1667
49900	1668
49900	1669
49900	1670
49900	1671
49901	1672
49901	1673
49901	1674
49901	1675
49901	1676
49901	1677
49901	1678
49901	1679
49901	1680
49901	1681
49901	1682
49902	1683
49902	1684
49902	1685
49902	1686
49902	1687
49902	1688
49902	1689
49902	1690
49902	1691
49902	1692
49902	1693
49902	1694
49902	1695
49903	1696
49903	1697
49903	1698
49903	1699
49903	1700
49903	1701
49903	1702
49903	1703
49903	1704
49903	1705
49903	1706
49903	1707
49903	1708
49903	1709
49904	1710
49904	1711
49904	1712
49904	1713
49904	1714
49904	1715
49904	1716
49904	1717
49904	1718
49905	1719
49905	1720
49905	1721
49905	1722
49905	1723
49905	1724
49905	1725
49905	1726
49905	1727
49905	1728
49905	1729
49905	1730
49905	1731
49906	1732
49906	1733
49906	1734
49906	1735
49906	1736
49906	1737
49906	1738
49906	1739
49906	1740
49906	1741
49906	1742
49906	1743
49906	1744
49906	1745
49906	1746
49906	1747
49906	1748
49906	1749
49907	1750
49907	1751
49907	1752
49907	1753
49907	1754
49907	1755
49907	1756
49907	1757
49907	1758
49907	1759
49907	1760
49907	1761
49907	1762
49907	1763
49907	1764
49907	1765
49907	1766
49907	1767
49908	1768
49908	1769
49908	1770
49908	1771
49908	1772
49908	1773
49908	1774
49908	1775
49908	1776
49908	1777
49908	1778
49908	1779
49909	1780
49909	1781
49909	1782
49909	1783
49909	1784
49909	1785
49909	1786
49909	1787
49910	1788
49910	1789
49910	1790
49910	1791
49910	1792
49910	1793
49910	1794
49910	1795
49910	1796
49910	1797
49910	1798
49910	1799
49910	1800
49910	1801
49911	1802
49911	1803
49911	1804
49911	1805
49911	1806
49911	1807
49911	1808
49911	1809
49911	1810
49911	1811
49911	1812
49911	1813
49911	1814
49911	1815
49912	1816
49912	1817
49912	1818
49912	1819
49912	1820
49912	1821
49912	1822
49912	1823
49912	1824
49912	1825
49912	1826
49912	1827
49912	1828
49913	1829
49913	1830
49913	1831
49913	1832
49913	1833
49913	1834
49913	1835
49913	1836
49913	1837
49913	1838
49913	1839
49913	1840
49913	1841
49913	1842
49913	1843
49913	1844
49913	1845
49913	1846
49913	1847
49913	1848
49913	1849
49914	1850
49914	1851
49914	1852
49914	1853
49914	1854
49914	1855
49914	1856
49914	1857
49914	1858
49914	1859
49914	1860
49914	1861
49914	1862
49914	1863
49914	1864
49914	1865
49915	1866
49915	1867
49915	1868
49915	1869
49915	1870
49915	1871
49915	1872
49915	1873
49915	1874
49915	1875
49915	1876
49915	1877
49915	1878
49915	1879
49915	1880
49915	1881
49915	1882
49915	1883
49915	1884
49916	1885
49916	1886
49916	1887
49916	1888
49916	1889
49916	1890
49916	1891
49916	1892
49916	1893
49916	1894
49916	1895
49916	1896
49916	1897
49916	1898
49916	1899
49916	1900
49916	1901
49916	1902
49916	1903
49916	1904
49916	1905
49916	1906
49916	1907
49917	1908
49917	1909
49917	1910
49917	1911
49917	1912
49917	1913
49917	1914
49917	1915
49917	1916
49917	1917
49917	1918
49917	1919
49917	1920
49917	1921
49917	1922
49917	1923
49917	1924
49917	1925
49917	1926
49917	1927
49917	1928
49917	1929
49917	1930
49917	1931
49917	1932
49917	1933
49918	1934
49918	1935
49918	1936
49918	1937
49918	1938
49918	1939
49918	1940
49918	1941
49918	1942
49918	1943
49918	1944
49918	1945
49918	1946
49918	1947
49918	1948
49918	1949
49918	1950
49918	1951
49918	1952
49918	1953
49918	1954
49919	1955
49919	1956
49919	1957
49919	1958
49919	1959
49919	1960
49919	1961
49919	1962
49919	1963
49919	1964
49919	1965
49919	1966
49919	1967
49919	1968
49919	1969
49919	1970
49919	1971
49919	1972
49919	1973
49919	1974
49919	1975
49919	1976
49919	1977
49920	1978
49920	1979
49920	1980
49920	1981
49920	1982
49920	1983
49920	1984
49920	1985
49920	1986
49920	1987
49920	1988
49920	1989
49920	1990
49920	1991
49920	1992
49920	1993
49920	1994
49920	1995
49920	1996
49920	1997
49921	1998
49921	1999
49921	2000
49921	2001
49921	2002
49921	2003
49921	2004
49921	2005
49921	2006
49921	2007
49921	2008
49921	2009
49921	2010
49921	2011
49921	2012
49921	2013
49922	2014
49922	2015
49922	2016
49922	2017
49922	2018
49922	2019
49922	2020
49922	2021
49922	2022
49922	2023
49922	2024
49922	2025
49922	2026
49922	2027
49922	2028
49922	2029
49922	2030
49922	2031
49922	2032
49922	2033
49922	2034
49922	2035
49922	2036
49923	2037
49923	2038
49923	2039
49923	2040
49923	2041
49923	2042
49923	2043
49923	2044
49923	2045
49923	2046
49923	2047
49923	2048
49923	2049
49923	2050
49923	2051
49923	2052
49923	2053
49923	2054
49923	2055
49923	2056
49923	2057
49923	2058
49923	2059
49923	2060
49923	2061
49923	2062
49923	2063
49923	2064
49924	2065
49924	2066
49924	2067
49924	2068
49924	2069
49924	2070
49924	2071
49924	2072
49924	2073
49924	2074
49924	2075
49924	2076
49924	2077
49924	2078
49924	2079
49924	2080
49924	2081
49924	2082
49924	2083
49924	2084
49924	2085
49924	2086
49924	2087
49924	2088
49924	2089
49924	2090
49925	2091
49925	2092
49925	2093
49925	2094
49925	2095
49925	2096
49925	2097
49925	2098
49925	2099
49925	2100
49925	2101
49925	2102
49925	2103
49925	2104
49925	2105
49925	2106
49925	2107
49925	2108
49925	2109
49925	2110
49925	2111
49925	2112
49925	2113
49925	2114
49925	2115
49925	2116
49925	2117
49925	2118
49926	2119
49926	2120
49926	2121
49926	2122
49926	2123
49926	2124
49926	2125
49926	2126
49926	2127
49926	2128
49926	2129
49926	2130
49926	2131
49926	2132
49926	2133
49926	2134
49926	2135
49926	2136
49926	2137
49926	2138
49926	2139
49926	2140
49926	2141
49926	2142
49926	2143
49926	2144
49926	2145
49926	2146
49926	2147
49926	2148
49926	2149
49927	2150
49927	2151
49927	2152
49927	2153
49927	2154
49927	2155
49927	2156
49927	2157
49927	2158
49927	2159
49927	2160
49927	2161
49927	2162
49927	2163
49927	2164
49927	2165
49927	2166
49927	2167
49927	2168
49927	2169
49927	2170
49927	2171
49927	2172
49927	2173
49927	2174
49927	2175
49927	2176
49927	2177
49927	2178
49927	2179
49927	2180
49927	2181
49927	2182
49927	2183
49928	2184
49928	2185
49928	2186
49928	2187
49928	2188
49928	2189
49928	2190
49928	2191
49928	2192
49928	2193
49928	2194
49928	2195
49928	2196
49928	2197
49928	2198
49928	2199
49928	2200
49928	2201
49928	2202
49928	2203
49928	2204
49928	2205
49928	2206
49928	2207
49928	2208
49928	2209
49928	2210
49928	2211
49928	2212
49928	2213
49928	2214
49928	2215
49928	2216
49928	2217
49928	2218
49929	2219
49929	2220
49929	2221
49929	2222
49929	2223
49929	2224
49929	2225
49929	2226
49929	2227
49929	2228
49929	2229
49929	2230
49929	2231
49929	2232
49929	2233
49929	2234
49929	2235
49929	2236
49929	2237
49929	2238
49929	2239
49929	2240
49929	2241
49929	2242
49929	2243
49929	2244
49929	2245
49929	2246
49929	2247
49929	2248
49929	2249
49929	2250
49930	2251
49930	2252
49930	2253
49930	2254
49930	2255
49930	2256
49930	2257
49930	2258
49930	2259
49930	2260
49930	2261
49930	2262
49930	2263
49930	2264
49930	2265
49930	2266
49930	2267
49930	2268
49930	2269
49930	2270
49930	2271
49930	2272
49930	2273
49930	2274
49930	2275
49930	2276
49930	2277
49930	2278
49930	2279
49930	2280
49930	2281
49931	2282
49931	2283
49931	2284
49931	2285
49931	2286
49931	2287
49931	2288
49931	2289
49931	2290
49931	2291
49931	2292
49931	2293
49931	2294
49931	2295
49931	2296
49931	2297
49931	2298
49931	2299
49931	2300
49931	2301
49931	2302
49931	2303
49931	2304
49931	2305
49931	2306
49931	2307
49931	2308
49932	2309
49932	2310
49932	2311
49932	2312
49932	2313
49932	2314
49932	2315
49932	2316
49932	2317
49932	2318
49932	2319
49932	2320
49932	2321
49932	2322
49932	2323
49932	2324
49932	2325
49932	2326
49932	2327
49932	2328
49932	2329
49932	2330
49932	2331
49932	2332
49932	2333
49932	2334
49932	2335
49932	2336
49932	2337
49932	2338
49932	2339
49932	2340
49932	2341
49932	2342
49932	2343
49932	2344
49932	2345
49932	2346
49932	2347
49932	2348
49932	2349
49933	2350
49933	2351
49933	2352
49933	2353
49933	2354
49933	2355
49933	2356
49933	2357
49933	2358
49933	2359
49933	2360
49933	2361
49933	2362
49933	2363
49933	2364
49933	2365
49933	2366
49933	2367
49933	2368
49933	2369
49933	2370
49933	2371
49933	2372
49933	2373
49933	2374
49933	2375
49933	2376
49933	2377
49933	2378
49933	2379
49933	2380
49933	2381
49933	2382
49933	2383
49933	2384
49933	2385
49933	2386
49934	2387
49934	2388
49934	2389
49934	2390
49934	2391
49934	2392
49934	2393
49934	2394
49934	2395
49934	2396
49934	2397
49934	2398
49934	2399
49934	2400
49934	2401
49934	2402
49934	2403
49934	2404
49934	2405
49934	2406
49934	2407
49934	2408
49934	2409
49934	2410
49934	2411
49934	2412
49934	2413
49934	2414
49934	2415
49934	2416
49934	2417
49934	2418
49934	2419
49934	2420
49935	2421
49935	2422
49935	2423
49935	2424
49935	2425
49935	2426
49935	2427
49935	2428
49935	2429
49935	2430
49935	2431
49935	2432
49935	2433
49935	2434
49935	2435
49935	2436
49935	2437
49935	2438
49935	2439
49935	2440
49935	2441
49935	2442
49935	2443
49935	2444
49935	2445
49935	2446
49935	2447
49935	2448
49935	2449
49935	2450
49935	2451
49935	2452
49935	2453
49935	2454
49935	2455
49935	2456
49935	2457
49935	2458
49935	2459
49935	2460
49935	2461
49935	2462
49935	2463
49935	2464
49935	2465
49935	2466
49935	2467
49935	2468
49936	2469
49936	2470
49936	2471
49936	2472
49936	2473
49936	2474
49936	2475
49936	2476
49936	2477
49936	2478
49936	2479
49936	2480
49936	2481
49936	2482
49936	2483
49936	2484
49936	2485
49936	2486
49936	2487
49936	2488
49936	2489
49936	2490
49936	2491
49936	2492
49936	2493
49936	2494
49936	2495
49936	2496
49936	2497
49936	2498
49936	2499
49936	2500
49936	2501
49937	2502
49937	2503
49937	2504
49937	2505
49937	2506
49937	2507
49937	2508
49937	2509
49937	2510
49937	2511
49937	2512
49937	2513
49937	2514
49937	2515
49937	2516
49937	2517
49937	2518
49937	2519
49937	2520
49937	2521
49937	2522
49937	2523
49937	2524
49937	2525
49937	2526
49937	2527
49937	2528
49937	2529
49937	2530
49937	2531
49937	2532
49937	2533
49937	2534
49937	2535
49938	2536
49938	2537
49938	2538
49938	2539
49938	2540
49938	2541
49938	2542
49938	2543
49938	2544
49938	2545
49938	2546
49938	2547
49938	2548
49938	2549
49938	2550
49938	2551
49938	2552
49938	2553
49938	2554
49938	2555
49938	2556
49938	2557
49938	2558
49938	2559
49938	2560
49938	2561
49938	2562
49938	2563
49938	2564
49938	2565
49938	2566
49938	2567
49938	2568
49938	2569
49938	2570
49938	2571
49938	2572
49938	2573
49938	2574
49938	2575
49938	2576
49938	2577
49938	2578
49938	2579
49938	2580
49938	2581
49938	2582
49938	2583
49938	2584
49938	2585
49938	2586
49938	2587
49938	2588
49938	2589
49938	2590
49938	2591
49938	2592
49938	2593
49938	2594
49938	2595
49939	2596
49939	2597
49939	2598
49939	2599
49939	2600
49939	2601
49939	2602
49939	2603
49939	2604
49939	2605
49939	2606
49939	2607
49939	2608
49939	2609
49939	2610
49939	2611
49939	2612
49939	2613
49939	2614
49939	2615
49939	2616
49939	2617
49939	2618
49939	2619
49939	2620
49939	2621
49939	2622
49939	2623
49939	2624
49939	2625
49939	2626
49939	2627
49939	2628
49939	2629
49939	2630
49939	2631
49939	2632
49939	2633
49939	2634
49939	2635
49939	2636
49939	2637
49939	2638
49939	2639
49939	2640
49939	2641
49939	2642
49939	2643
49939	2644
49939	2645
49939	2646
49939	2647
49940	2648
49940	2649
49940	2650
49940	2651
49940	2652
49940	2653
49940	2654
49940	2655
49940	2656
49940	2657
49940	2658
49940	2659
49940	2660
49940	2661
49940	2662
49940	2663
49940	2664
49940	2665
49940	2666
49940	2667
49940	2668
49940	2669
49940	2670
49940	2671
49940	2672
49940	2673
49940	2674
49940	2675
49940	2676
49940	2677
49940	2678
49940	2679
49940	2680
49940	2681
49940	2682
49940	2683
49940	2684
49940	2685
49940	2686
49940	2687
49940	2688
49940	2689
49940	2690
49940	2691
49940	2692
49940	2693
49940	2694
49940	2695
49940	2696
49940	2697
49940	2698
49940	2699
49940	2700
49940	2701
49940	2702
49940	2703
49940	2704
49940	2705
49940	2706
49940	2707
49940	2708
49941	2709
49941	2710
49941	2711
49941	2712
49941	2713
49941	2714
49941	2715
49941	2716
49941	2717
49941	2718
49941	2719
49941	2720
49941	2721
49941	2722
49941	2723
49941	2724
49941	2725
49941	2726
49941	2727
49941	2728
49941	2729
49941	2730
49941	2731
49941	2732
49941	2733
49941	2734
49941	2735
49941	2736
49941	2737
49941	2738
49941	2739
49941	2740
49941	2741
49941	2742
49941	2743
49941	2744
49941	2745
49941	2746
49941	2747
49941	2748
49941	2749
49941	2750
49941	2751
49941	2752
49941	2753
49941	2754
49941	2755
49941	2756
49941	2757
49941	2758
49941	2759
49941	2760
49942	2761
49942	2762
49942	2763
49942	2764
49942	2765
49942	2766
49942	2767
49942	2768
49942	2769
49942	2770
49942	2771
49942	2772
49942	2773
49942	2774
49942	2775
49942	2776
49942	2777
49942	2778
49942	2779
49942	2780
49942	2781
49942	2782
49942	2783
49942	2784
49942	2785
49942	2786
49942	2787
49942	2788
49942	2789
49942	2790
49942	2791
49942	2792
49942	2793
49942	2794
49942	2795
49942	2796
49942	2797
49942	2798
49942	2799
49942	2800
49942	2801
49942	2802
49942	2803
49942	2804
49942	2805
49942	2806
49942	2807
49942	2808
49942	2809
49942	2810
49942	2811
49942	2812
49942	2813
49942	2814
49942	2815
49942	2816
49942	2817
49942	2818
49942	2819
49942	2820
49942	2821
49942	2822
49942	2823
49942	2824
49942	2825
49942	2826
49943	2827
49943	2828
49943	2829
49943	2830
49943	2831
49943	2832
49943	2833
49943	2834
49943	2835
49943	2836
49943	2837
49943	2838
49943	2839
49943	2840
49943	2841
49943	2842
49943	2843
49943	2844
49943	2845
49943	2846
49943	2847
49943	2848
49943	2849
49943	2850
49943	2851
49943	2852
49943	2853
49943	2854
49943	2855
49943	2856
49943	2857
49943	2858
49943	2859
49943	2860
49943	2861
49943	2862
49943	2863
49943	2864
49943	2865
49943	2866
49943	2867
49943	2868
49943	2869
49943	2870
49943	2871
49943	2872
49943	2873
49943	2874
49943	2875
49943	2876
49943	2877
49943	2878
49943	2879
49943	2880
49944	2881
49944	2882
49944	2883
49944	2884
49944	2885
49944	2886
49944	2887
49944	2888
49944	2889
49944	2890
49944	2891
49944	2892
49944	2893
49944	2894
49944	2895
49944	2896
49944	2897
49944	2898
49944	2899
49944	2900
49944	2901
49944	2902
49944	2903
49944	2904
49944	2905
49944	2906
49944	2907
49944	2908
49944	2909
49944	2910
49944	2911
49944	2912
49944	2913
49944	2914
49944	2915
49944	2916
49944	2917
49944	2918
49944	2919
49944	2920
49944	2921
49944	2922
49944	2923
49944	2924
49944	2925
49944	2926
49944	2927
49944	2928
49944	2929
49944	2930
49944	2931
49944	2932
49944	2933
49944	2934
49944	2935
49944	2936
49944	2937
49944	2938
49944	2939
49944	2940
49944	2941
49944	2942
49944	2943
49944	2944
49944	2945
49944	2946
49945	2947
49945	2948
49945	2949
49945	2950
49945	2951
49945	2952
49945	2953
49945	2954
49945	2955
49945	2956
49945	2957
49945	2958
49945	2959
49945	2960
49945	2961
49945	2962
49945	2963
49945	2964
49945	2965
49945	2966
49945	2967
49945	2968
49945	2969
49945	2970
49945	2971
49945	2972
49945	2973
49945	2974
49945	2975
49945	2976
49945	2977
49945	2978
49945	2979
49945	2980
49945	2981
49945	2982
49945	2983
49945	2984
49945	2985
49945	2986
49945	2987
49945	2988
49945	2989
49945	2990
49945	2991
49945	2992
49945	2993
49945	2994
49945	2995
49945	2996
49945	2997
49945	2998
49945	2999
49945	3000
49945	3001
49945	3002
49946	3003
49946	3004
49946	3005
49946	3006
49946	3007
49946	3008
49946	3009
49946	3010
49946	3011
49946	3012
49946	3013
49946	3014
49946	3015
49946	3016
49946	3017
49946	3018
49946	3019
49946	3020
49946	3021
49946	3022
49946	3023
49946	3024
49946	3025
49946	3026
49946	3027
49946	3028
49946	3029
49946	3030
49946	3031
49946	3032
49946	3033
49946	3034
49946	3035
49946	3036
49946	3037
49946	3038
49946	3039
49946	3040
49946	3041
49946	3042
49946	3043
49946	3044
49946	3045
49946	3046
49946	3047
49946	3048
49946	3049
49947	3050
49947	3051
49947	3052
49947	3053
49947	3054
49947	3055
49947	3056
49947	3057
49947	3058
49947	3059
49947	3060
49947	3061
49947	3062
49947	3063
49947	3064
49947	3065
49947	3066
49947	3067
49947	3068
49947	3069
49947	3070
49947	3071
49947	3072
49947	3073
49947	3074
49947	3075
49947	3076
49947	3077
49947	3078
49947	3079
49947	3080
49947	3081
49947	3082
49947	3083
49947	3084
49947	3085
49947	3086
49947	3087
49947	3088
49947	3089
49947	3090
49947	3091
49947	3092
49947	3093
49947	3094
49947	3095
49947	3096
49947	3097
49947	3098
49947	3099
49947	3100
49947	3101
49947	3102
49947	3103
49947	3104
49947	3105
49947	3106
49947	3107
49947	3108
49947	3109
49947	3110
49947	3111
49947	3112
49947	3113
49947	3114
49947	3115
49947	3116
49947	3117
49948	3118
49948	3119
49948	3120
49948	3121
49948	3122
49948	3123
49948	3124
49948	3125
49948	3126
49948	3127
49948	3128
49948	3129
49948	3130
49948	3131
49948	3132
49948	3133
49948	3134
49948	3135
49948	3136
49948	3137
49948	3138
49948	3139
49948	3140
49948	3141
49948	3142
49948	3143
49948	3144
49948	3145
49948	3146
49948	3147
49948	3148
49948	3149
49948	3150
49948	3151
49948	3152
49948	3153
49948	3154
49948	3155
49948	3156
49948	3157
49948	3158
49948	3159
49948	3160
49948	3161
49948	3162
49948	3163
49948	3164
49948	3165
49948	3166
49948	3167
49948	3168
49948	3169
49948	3170
49948	3171
49948	3172
49948	3173
49948	3174
49948	3175
49948	3176
49949	3177
49949	3178
49949	3179
49949	3180
49949	3181
49949	3182
49949	3183
49949	3184
49949	3185
49949	3186
49949	3187
49949	3188
49949	3189
49949	3190
49949	3191
49949	3192
49949	3193
49949	3194
49949	3195
49949	3196
49949	3197
49949	3198
49949	3199
49949	3200
49949	3201
49949	3202
49949	3203
49949	3204
49949	3205
49949	3206
49949	3207
49949	3208
49949	3209
49949	3210
49949	3211
49949	3212
49949	3213
49949	3214
49949	3215
49949	3216
49949	3217
49949	3218
49949	3219
49949	3220
49949	3221
49949	3222
49949	3223
49949	3224
49949	3225
49949	3226
49949	3227
49949	3228
49949	3229
49949	3230
49949	3231
49949	3232
49949	3233
49949	3234
49949	3235
49949	3236
49949	3237
49950	3238
49950	3239
49950	3240
49950	3241
49950	3242
49950	3243
49950	3244
49950	3245
49950	3246
49950	3247
49950	3248
49950	3249
49950	3250
49950	3251
49950	3252
49950	3253
49950	3254
49950	3255
49950	3256
49950	3257
49950	3258
49950	3259
49950	3260
49950	3261
49950	3262
49950	3263
49950	3264
49950	3265
49950	3266
49950	3267
49950	3268
49950	3269
49950	3270
49950	3271
49950	3272
49950	3273
49950	3274
49950	3275
49950	3276
49950	3277
49950	3278
49950	3279
49950	3280
49950	3281
49950	3282
49950	3283
49950	3284
49950	3285
49950	3286
49950	3287
49950	3288
49950	3289
49950	3290
49950	3291
49950	3292
49950	3293
49950	3294
49950	3295
49950	3296
49950	3297
49951	3298
49951	3299
49951	3300
49951	3301
49951	3302
49951	3303
49951	3304
49951	3305
49951	3306
49951	3307
49951	3308
49951	3309
49951	3310
49951	3311
49951	3312
49951	3313
49951	3314
49951	3315
49951	3316
49951	3317
49951	3318
49951	3319
49951	3320
49951	3321
49951	3322
49951	3323
49951	3324
49951	3325
49951	3326
49951	3327
49951	3328
49951	3329
49951	3330
49951	3331
49951	3332
49951	3333
49951	3334
49951	3335
49951	3336
49951	3337
49951	3338
49951	3339
49951	3340
49951	3341
49951	3342
49951	3343
49951	3344
49951	3345
49951	3346
49951	3347
49951	3348
49951	3349
49951	3350
49951	3351
49951	3352
49951	3353
49951	3354
49951	3355
49951	3356
49951	3357
49951	3358
49951	3359
49951	3360
49951	3361
49951	3362
49951	3363
49951	3364
49952	3365
49952	3366
49952	3367
49952	3368
49952	3369
49952	3370
49952	3371
49952	3372
49952	3373
49952	3374
49952	3375
49952	3376
49952	3377
49952	3378
49952	3379
49952	3380
49952	3381
49952	3382
49952	3383
49952	3384
49952	3385
49952	3386
49952	3387
49952	3388
49952	3389
49952	3390
49952	3391
49952	3392
49952	3393
49952	3394
49952	3395
49952	3396
49952	3397
49952	3398
49952	3399
49952	3400
49952	3401
49952	3402
49952	3403
49952	3404
49952	3405
49952	3406
49952	3407
49952	3408
49952	3409
49952	3410
49952	3411
49952	3412
49952	3413
49952	3414
49952	3415
49952	3416
49952	3417
49952	3418
49952	3419
49952	3420
49952	3421
49952	3422
49952	3423
49952	3424
49952	3425
49952	3426
49952	3427
49952	3428
49952	3429
49952	3430
49952	3431
49952	3432
49952	3433
49952	3434
49952	3435
49952	3436
49952	3437
49952	3438
49952	3439
49952	3440
49953	3441
49953	3442
49953	3443
49953	3444
49953	3445
49953	3446
49953	3447
49953	3448
49953	3449
49953	3450
49953	3451
49953	3452
49953	3453
49953	3454
49953	3455
49953	3456
49953	3457
49953	3458
49953	3459
49953	3460
49953	3461
49953	3462
49953	3463
49953	3464
49953	3465
49953	3466
49953	3467
49953	3468
49953	3469
49953	3470
49953	3471
49953	3472
49953	3473
49953	3474
49953	3475
49953	3476
49953	3477
49953	3478
49953	3479
49953	3480
49953	3481
49953	3482
49953	3483
49953	3484
49953	3485
49953	3486
49953	3487
49953	3488
49953	3489
49953	3490
49953	3491
49953	3492
49953	3493
49953	3494
49953	3495
49953	3496
49953	3497
49953	3498
49953	3499
49953	3500
49953	3501
49953	3502
49953	3503
49953	3504
49953	3505
49953	3506
49953	3507
49953	3508
49953	3509
49953	3510
49953	3511
49953	3512
49953	3513
49953	3514
49953	3515
49953	3516
49953	3517
49953	3518
49953	3519
49953	3520
49953	3521
49953	3522
49953	3523
49954	3524
49954	3525
49954	3526
49954	3527
49954	3528
49954	3529
49954	3530
49954	3531
49954	3532
49954	3533
49954	3534
49954	3535
49954	3536
49954	3537
49954	3538
49954	3539
49954	3540
49954	3541
49954	3542
49954	3543
49954	3544
49954	3545
49954	3546
49954	3547
49954	3548
49954	3549
49954	3550
49954	3551
49954	3552
49954	3553
49954	3554
49954	3555
49954	3556
49954	3557
49954	3558
49954	3559
49954	3560
49954	3561
49954	3562
49954	3563
49954	3564
49954	3565
49954	3566
49954	3567
49954	3568
49954	3569
49954	3570
49954	3571
49954	3572
49954	3573
49954	3574
49954	3575
49954	3576
49954	3577
49954	3578
49954	3579
49954	3580
49954	3581
49954	3582
49954	3583
49954	3584
49954	3585
49954	3586
49954	3587
49954	3588
49954	3589
49954	3590
49954	3591
49954	3592
49954	3593
49954	3594
49955	3595
49955	3596
49955	3597
49955	3598
49955	3599
49955	3600
49955	3601
49955	3602
49955	3603
49955	3604
49955	3605
49955	3606
49955	3607
49955	3608
49955	3609
49955	3610
49955	3611
49955	3612
49955	3613
49955	3614
49955	3615
49955	3616
49955	3617
49955	3618
49955	3619
49955	3620
49955	3621
49955	3622
49955	3623
49955	3624
49955	3625
49955	3626
49955	3627
49955	3628
49955	3629
49955	3630
49955	3631
49955	3632
49955	3633
49955	3634
49955	3635
49955	3636
49955	3637
49955	3638
49955	3639
49955	3640
49955	3641
49955	3642
49955	3643
49955	3644
49955	3645
49955	3646
49955	3647
49955	3648
49955	3649
49955	3650
49955	3651
49955	3652
49955	3653
49955	3654
49955	3655
49955	3656
49955	3657
49955	3658
49955	3659
49955	3660
49956	3661
49956	3662
49956	3663
49956	3664
49956	3665
49956	3666
49956	3667
49956	3668
49956	3669
49956	3670
49956	3671
49956	3672
49956	3673
49956	3674
49956	3675
49956	3676
49956	3677
49956	3678
49956	3679
49956	3680
49956	3681
49956	3682
49956	3683
49956	3684
49956	3685
49956	3686
49956	3687
49956	3688
49956	3689
49956	3690
49956	3691
49956	3692
49956	3693
49956	3694
49956	3695
49956	3696
49956	3697
49956	3698
49956	3699
49956	3700
49956	3701
49956	3702
49956	3703
49956	3704
49956	3705
49956	3706
49956	3707
49956	3708
49956	3709
49956	3710
49956	3711
49956	3712
49956	3713
49956	3714
49956	3715
49956	3716
49956	3717
49956	3718
49956	3719
49956	3720
49956	3721
49956	3722
49956	3723
49957	3724
49957	3725
49957	3726
49957	3727
49957	3728
49957	3729
49957	3730
49957	3731
49957	3732
49957	3733
49957	3734
49957	3735
49957	3736
49957	3737
49957	3738
49957	3739
49957	3740
49957	3741
49957	3742
49957	3743
49957	3744
49957	3745
49957	3746
49957	3747
49957	3748
49957	3749
49957	3750
49957	3751
49957	3752
49957	3753
49957	3754
49957	3755
49957	3756
49957	3757
49957	3758
49957	3759
49957	3760
49957	3761
49957	3762
49957	3763
49957	3764
49957	3765
49957	3766
49957	3767
49957	3768
49957	3769
49957	3770
49957	3771
49957	3772
49957	3773
49957	3774
49957	3775
49957	3776
49957	3777
49957	3778
49957	3779
49957	3780
49957	3781
49957	3782
49957	3783
49957	3784
49957	3785
49957	3786
49957	3787
49957	3788
49957	3789
49957	3790
49957	3791
49957	3792
49957	3793
49957	3794
49957	3795
49957	3796
49957	3797
49957	3798
49957	3799
49957	3800
49957	3801
49957	3802
49957	3803
49957	3804
49957	3805
49957	3806
49957	3807
49958	3808
49958	3809
49958	3810
49958	3811
49958	3812
49958	3813
49958	3814
49958	3815
49958	3816
49958	3817
49958	3818
49958	3819
49958	3820
49958	3821
49958	3822
49958	3823
49958	3824
49958	3825
49958	3826
49958	3827
49958	3828
49958	3829
49958	3830
49958	3831
49958	3832
49958	3833
49958	3834
49958	3835
49958	3836
49958	3837
49958	3838
49958	3839
49958	3840
49958	3841
49958	3842
49958	3843
49958	3844
49958	3845
49958	3846
49958	3847
49958	3848
49958	3849
49958	3850
49958	3851
49958	3852
49958	3853
49958	3854
49958	3855
49958	3856
49958	3857
49958	3858
49958	3859
49958	3860
49958	3861
49958	3862
49958	3863
49958	3864
49958	3865
49958	3866
49958	3867
49958	3868
49958	3869
49958	3870
49958	3871
49958	3872
49958	3873
49958	3874
49958	3875
49958	3876
49958	3877
49958	3878
49958	3879
49958	3880
49958	3881
49958	3882
49958	3883
49958	3884
49958	3885
49958	3886
49958	3887
49958	3888
49958	3889
49959	3890
49959	3891
49959	3892
49959	3893
49959	3894
49959	3895
49959	3896
49959	3897
49959	3898
49959	3899
49959	3900
49959	3901
49959	3902
49959	3903
49959	3904
49959	3905
49959	3906
49959	3907
49959	3908
49959	3909
49959	3910
49959	3911
49959	3912
49959	3913
49959	3914
49959	3915
49959	3916
49959	3917
49959	3918
49959	3919
49959	3920
49959	3921
49959	3922
49959	3923
49959	3924
49959	3925
49959	3926
49959	3927
49959	3928
49959	3929
49959	3930
49959	3931
49959	3932
49959	3933
49959	3934
49959	3935
49959	3936
49959	3937
49959	3938
49959	3939
49959	3940
49959	3941
49959	3942
49959	3943
49959	3944
49959	3945
49959	3946
49959	3947
49959	3948
49959	3949
49959	3950
49959	3951
49959	3952
49959	3953
49960	3954
49960	3955
49960	3956
49960	3957
49960	3958
49960	3959
49960	3960
49960	3961
49960	3962
49960	3963
49960	3964
49960	3965
49960	3966
49960	3967
49960	3968
49960	3969
49960	3970
49960	3971
49960	3972
49960	3973
49960	3974
49960	3975
49960	3976
49960	3977
49960	3978
49960	3979
49960	3980
49960	3981
49960	3982
49960	3983
49960	3984
49960	3985
49960	3986
49960	3987
49960	3988
49960	3989
49960	3990
49960	3991
49960	3992
49960	3993
49960	3994
49960	3995
49960	3996
49960	3997
49960	3998
49960	3999
49960	4000
49960	4001
49960	4002
49960	4003
49960	4004
49960	4005
49960	4006
49960	4007
49960	4008
49960	4009
49960	4010
49960	4011
49960	4012
49960	4013
49960	4014
49961	4015
49961	4016
49961	4017
49961	4018
49961	4019
49961	4020
49961	4021
49961	4022
49961	4023
49961	4024
49961	4025
49961	4026
49961	4027
49961	4028
49961	4029
49961	4030
49961	4031
49961	4032
49961	4033
49961	4034
49961	4035
49961	4036
49961	4037
49961	4038
49961	4039
49961	4040
49961	4041
49961	4042
49961	4043
49961	4044
49961	4045
49961	4046
49961	4047
49961	4048
49961	4049
49961	4050
49961	4051
49961	4052
49961	4053
49961	4054
49961	4055
49961	4056
49961	4057
49961	4058
49961	4059
49961	4060
49961	4061
49961	4062
49961	4063
49961	4064
49961	4065
49961	4066
49961	4067
49961	4068
49961	4069
49961	4070
49961	4071
49961	4072
49961	4073
49961	4074
49961	4075
49961	4076
49961	4077
49961	4078
49961	4079
49962	4080
49962	4081
49962	4082
49962	4083
49962	4084
49962	4085
49962	4086
49962	4087
49962	4088
49962	4089
49962	4090
49962	4091
49962	4092
49962	4093
49962	4094
49962	4095
49962	4096
49962	4097
49962	4098
49962	4099
49962	4100
49962	4101
49962	4102
49962	4103
49962	4104
49962	4105
49962	4106
49962	4107
49962	4108
49962	4109
49962	4110
49962	4111
49962	4112
49962	4113
49962	4114
49962	4115
49962	4116
49962	4117
49962	4118
49962	4119
49962	4120
49962	4121
49962	4122
49962	4123
49962	4124
49962	4125
49962	4126
49962	4127
49962	4128
49962	4129
49962	4130
49962	4131
49962	4132
49962	4133
49962	4134
49962	4135
49962	4136
49962	4137
49962	4138
49962	4139
49962	4140
49962	4141
49962	4142
49962	4143
49962	4144
49962	4145
49962	4146
49962	4147
49962	4148
49962	4149
49962	4150
49962	4151
49962	4152
49962	4153
49962	4154
49962	4155
49962	4156
49962	4157
49962	4158
49963	4159
49963	4160
49963	4161
49963	4162
49963	4163
49963	4164
49963	4165
49963	4166
49963	4167
49963	4168
49963	4169
49963	4170
49963	4171
49963	4172
49963	4173
49963	4174
49963	4175
49963	4176
49963	4177
49963	4178
49963	4179
49963	4180
49963	4181
49963	4182
49963	4183
49963	4184
49963	4185
49963	4186
49963	4187
49963	4188
49963	4189
49963	4190
49963	4191
49963	4192
49963	4193
49963	4194
49963	4195
49963	4196
49963	4197
49963	4198
49963	4199
49963	4200
49963	4201
49963	4202
49963	4203
49963	4204
49963	4205
49963	4206
49963	4207
49963	4208
49963	4209
49963	4210
49963	4211
49963	4212
49963	4213
49963	4214
49963	4215
49963	4216
49963	4217
49963	4218
49963	4219
49963	4220
49963	4221
49963	4222
49963	4223
49963	4224
49963	4225
49963	4226
49963	4227
49963	4228
49963	4229
49963	4230
49963	4231
49963	4232
49963	4233
49963	4234
49963	4235
49963	4236
49964	4237
49964	4238
49964	4239
49964	4240
49964	4241
49964	4242
49964	4243
49964	4244
49964	4245
49964	4246
49964	4247
49964	4248
49964	4249
49964	4250
49964	4251
49964	4252
49964	4253
49964	4254
49964	4255
49964	4256
49964	4257
49964	4258
49964	4259
49964	4260
49964	4261
49964	4262
49964	4263
49964	4264
49964	4265
49964	4266
49964	4267
49964	4268
49964	4269
49964	4270
49964	4271
49964	4272
49964	4273
49964	4274
49964	4275
49964	4276
49964	4277
49964	4278
49964	4279
49964	4280
49964	4281
49964	4282
49964	4283
49964	4284
49964	4285
49964	4286
49964	4287
49964	4288
49964	4289
49964	4290
49964	4291
49964	4292
49964	4293
49964	4294
49964	4295
49964	4296
49964	4297
49964	4298
49964	4299
49964	4300
49964	4301
49964	4302
49964	4303
49964	4304
49964	4305
49964	4306
49964	4307
49964	4308
49964	4309
49964	4310
49964	4311
49964	4312
49965	4313
49965	4314
49965	4315
49965	4316
49965	4317
49965	4318
49965	4319
49965	4320
49965	4321
49965	4322
49965	4323
49965	4324
49965	4325
49965	4326
49965	4327
49965	4328
49965	4329
49965	4330
49965	4331
49965	4332
49965	4333
49965	4334
49965	4335
49965	4336
49965	4337
49965	4338
49965	4339
49965	4340
49965	4341
49965	4342
49965	4343
49965	4344
49965	4345
49965	4346
49965	4347
49965	4348
49965	4349
49965	4350
49965	4351
49965	4352
49965	4353
49965	4354
49965	4355
49965	4356
49965	4357
49965	4358
49965	4359
49965	4360
49965	4361
49965	4362
49965	4363
49965	4364
49965	4365
49965	4366
49965	4367
49965	4368
49965	4369
49965	4370
49965	4371
49965	4372
49965	4373
49965	4374
49965	4375
49965	4376
49965	4377
49965	4378
49965	4379
49965	4380
49965	4381
49965	4382
49965	4383
49965	4384
49965	4385
49965	4386
49965	4387
49965	4388
49965	4389
49965	4390
49965	4391
49965	4392
49965	4393
49965	4394
49965	4395
49965	4396
49965	4397
49965	4398
49965	4399
49965	4400
49966	4401
49966	4402
49966	4403
49966	4404
49966	4405
49966	4406
49966	4407
49966	4408
49966	4409
49966	4410
49966	4411
49966	4412
49966	4413
49966	4414
49966	4415
49966	4416
49966	4417
49966	4418
49966	4419
49966	4420
49966	4421
49966	4422
49966	4423
49966	4424
49966	4425
49966	4426
49966	4427
49966	4428
49966	4429
49966	4430
49966	4431
49966	4432
49966	4433
49966	4434
49966	4435
49966	4436
49966	4437
49966	4438
49966	4439
49966	4440
49966	4441
49966	4442
49966	4443
49966	4444
49966	4445
49966	4446
49966	4447
49966	4448
49966	4449
49966	4450
49966	4451
49966	4452
49966	4453
49966	4454
49966	4455
49966	4456
49966	4457
49966	4458
49966	4459
49966	4460
49966	4461
49966	4462
49966	4463
49966	4464
49966	4465
49966	4466
49966	4467
49966	4468
49966	4469
49966	4470
49966	4471
49966	4472
49966	4473
49966	4474
49966	4475
49966	4476
49966	4477
49966	4478
49966	4479
49966	4480
49966	4481
49966	4482
49966	4483
49966	4484
49966	4485
49966	4486
49966	4487
49966	4488
49967	4489
49967	4490
49967	4491
49967	4492
49967	4493
49967	4494
49967	4495
49967	4496
49967	4497
49967	4498
49967	4499
49967	4500
49967	4501
49967	4502
49967	4503
49967	4504
49967	4505
49967	4506
49967	4507
49967	4508
49967	4509
49967	4510
49967	4511
49967	4512
49967	4513
49967	4514
49967	4515
49967	4516
49967	4517
49967	4518
49967	4519
49967	4520
49967	4521
49967	4522
49967	4523
49967	4524
49967	4525
49967	4526
49967	4527
49967	4528
49967	4529
49967	4530
49967	4531
49967	4532
49967	4533
49967	4534
49967	4535
49967	4536
49967	4537
49967	4538
49967	4539
49967	4540
49967	4541
49967	4542
49967	4543
49967	4544
49967	4545
49967	4546
49967	4547
49967	4548
49967	4549
49967	4550
49967	4551
49967	4552
49967	4553
49967	4554
49967	4555
49967	4556
49967	4557
49967	4558
49967	4559
49967	4560
49967	4561
49967	4562
49967	4563
49967	4564
49967	4565
49968	4566
49968	4567
49968	4568
49968	4569
49968	4570
49968	4571
49968	4572
49968	4573
49968	4574
49968	4575
49968	4576
49968	4577
49968	4578
49968	4579
49968	4580
49968	4581
49968	4582
49968	4583
49968	4584
49968	4585
49968	4586
49968	4587
49968	4588
49968	4589
49968	4590
49968	4591
49968	4592
49968	4593
49968	4594
49968	4595
49968	4596
49968	4597
49968	4598
49968	4599
49968	4600
49968	4601
49968	4602
49968	4603
49968	4604
49968	4605
49968	4606
49968	4607
49968	4608
49968	4609
49968	4610
49968	4611
49968	4612
49968	4613
49968	4614
49968	4615
49968	4616
49968	4617
49968	4618
49968	4619
49968	4620
49968	4621
49968	4622
49969	4623
49969	4624
49969	4625
49969	4626
49969	4627
49969	4628
49969	4629
49969	4630
49969	4631
49969	4632
49969	4633
49969	4634
49969	4635
49969	4636
49969	4637
49969	4638
49969	4639
49969	4640
49969	4641
49969	4642
49969	4643
49969	4644
49969	4645
49969	4646
49969	4647
49969	4648
49969	4649
49969	4650
49969	4651
49969	4652
49969	4653
49969	4654
49969	4655
49969	4656
49969	4657
49969	4658
49969	4659
49969	4660
49969	4661
49969	4662
49969	4663
49969	4664
49969	4665
49969	4666
49969	4667
49969	4668
49969	4669
49969	4670
49969	4671
49969	4672
49969	4673
49969	4674
49969	4675
49969	4676
49969	4677
49969	4678
49969	4679
49969	4680
49969	4681
49969	4682
49969	4683
49969	4684
49969	4685
49969	4686
49969	4687
49969	4688
49969	4689
49969	4690
49969	4691
49969	4692
49969	4693
49969	4694
49969	4695
49969	4696
49970	4697
49970	4698
49970	4699
49970	4700
49970	4701
49970	4702
49970	4703
49970	4704
49970	4705
49970	4706
49970	4707
49970	4708
49970	4709
49970	4710
49970	4711
49970	4712
49970	4713
49970	4714
49970	4715
49970	4716
49970	4717
49970	4718
49970	4719
49970	4720
49970	4721
49970	4722
49970	4723
49970	4724
49970	4725
49970	4726
49970	4727
49970	4728
49970	4729
49970	4730
49970	4731
49970	4732
49970	4733
49970	4734
49970	4735
49970	4736
49970	4737
49970	4738
49970	4739
49970	4740
49970	4741
49970	4742
49970	4743
49970	4744
49970	4745
49970	4746
49970	4747
49970	4748
49970	4749
49970	4750
49970	4751
49970	4752
49970	4753
49970	4754
49970	4755
49970	4756
49970	4757
49970	4758
49970	4759
49970	4760
49971	4761
49971	4762
49971	4763
49971	4764
49971	4765
49971	4766
49971	4767
49971	4768
49971	4769
49971	4770
49971	4771
49971	4772
49971	4773
49971	4774
49971	4775
49971	4776
49971	4777
49971	4778
49971	4779
49971	4780
49971	4781
49971	4782
49971	4783
49971	4784
49971	4785
49971	4786
49971	4787
49971	4788
49971	4789
49971	4790
49971	4791
49971	4792
49971	4793
49971	4794
49971	4795
49971	4796
49971	4797
49971	4798
49971	4799
49971	4800
49971	4801
49971	4802
49971	4803
49971	4804
49971	4805
49971	4806
49971	4807
49971	4808
49971	4809
49971	4810
49971	4811
49971	4812
49971	4813
49971	4814
49971	4815
49971	4816
49971	4817
49971	4818
49971	4819
49971	4820
49971	4821
49971	4822
49971	4823
49971	4824
49971	4825
49971	4826
49971	4827
49971	4828
49971	4829
49971	4830
49971	4831
49971	4832
49971	4833
49971	4834
49971	4835
49971	4836
49971	4837
49972	4838
49972	4839
49972	4840
49972	4841
49972	4842
49972	4843
49972	4844
49972	4845
49972	4846
49972	4847
49972	4848
49972	4849
49972	4850
49972	4851
49972	4852
49972	4853
49972	4854
49972	4855
49972	4856
49972	4857
49972	4858
49972	4859
49972	4860
49972	4861
49972	4862
49972	4863
49972	4864
49972	4865
49972	4866
49972	4867
49972	4868
49972	4869
49972	4870
49972	4871
49972	4872
49972	4873
49972	4874
49972	4875
49972	4876
49972	4877
49972	4878
49972	4879
49972	4880
49972	4881
49972	4882
49972	4883
49972	4884
49972	4885
49972	4886
49972	4887
49972	4888
49972	4889
49972	4890
49972	4891
49972	4892
49972	4893
49972	4894
49972	4895
49972	4896
49972	4897
49972	4898
49972	4899
49972	4900
49972	4901
49972	4902
49972	4903
49972	4904
49972	4905
49972	4906
49972	4907
49972	4908
49972	4909
49972	4910
49972	4911
49972	4912
49972	4913
49972	4914
49973	4915
49973	4916
49973	4917
49973	4918
49973	4919
49973	4920
49973	4921
49973	4922
49973	4923
49973	4924
49973	4925
49973	4926
49973	4927
49973	4928
49973	4929
49973	4930
49973	4931
49973	4932
49973	4933
49973	4934
49973	4935
49973	4936
49973	4937
49973	4938
49973	4939
49973	4940
49973	4941
49973	4942
49973	4943
49973	4944
49973	4945
49973	4946
49973	4947
49973	4948
49973	4949
49973	4950
49973	4951
49973	4952
49973	4953
49973	4954
49973	4955
49973	4956
49973	4957
49973	4958
49973	4959
49973	4960
49973	4961
49973	4962
49973	4963
49973	4964
49973	4965
49973	4966
49973	4967
49973	4968
49973	4969
49973	4970
49973	4971
49974	4972
49974	4973
49974	4974
49974	4975
49974	4976
49974	4977
49974	4978
49974	4979
49974	4980
49974	4981
49974	4982
49974	4983
49974	4984
49974	4985
49974	4986
49974	4987
49974	4988
49974	4989
49974	4990
49974	4991
49974	4992
49974	4993
49974	4994
49974	4995
49974	4996
49974	4997
49974	4998
49974	4999
49974	5000
49974	5001
49974	5002
49974	5003
49974	5004
49974	5005
49974	5006
49974	5007
49974	5008
49974	5009
49974	5010
49974	5011
49974	5012
49974	5013
49974	5014
49974	5015
49974	5016
49974	5017
49974	5018
49974	5019
49974	5020
49974	5021
49974	5022
49974	5023
49974	5024
49974	5025
49974	5026
49974	5027
49974	5028
49974	5029
49974	5030
49975	5031
49975	5032
49975	5033
49975	5034
49975	5035
49975	5036
49975	5037
49975	5038
49975	5039
49975	5040
49975	5041
49975	5042
49975	5043
49975	5044
49975	5045
49975	5046
49975	5047
49975	5048
49975	5049
49975	5050
49975	5051
49975	5052
49975	5053
49975	5054
49975	5055
49975	5056
49975	5057
49975	5058
49975	5059
49975	5060
49975	5061
49975	5062
49975	5063
49975	5064
49975	5065
49975	5066
49975	5067
49975	5068
49975	5069
49975	5070
49975	5071
49975	5072
49975	5073
49975	5074
49975	5075
49975	5076
49975	5077
49975	5078
49975	5079
49975	5080
49975	5081
49975	5082
49975	5083
49975	5084
49975	5085
49975	5086
49975	5087
49975	5088
49975	5089
49975	5090
49975	5091
49975	5092
49975	5093
49975	5094
49975	5095
49976	5096
49976	5097
49976	5098
49976	5099
49976	5100
49976	5101
49976	5102
49976	5103
49976	5104
49976	5105
49976	5106
49976	5107
49976	5108
49976	5109
49976	5110
49976	5111
49976	5112
49976	5113
49976	5114
49976	5115
49976	5116
49976	5117
49976	5118
49976	5119
49976	5120
49976	5121
49976	5122
49976	5123
49976	5124
49976	5125
49976	5126
49976	5127
49976	5128
49976	5129
49976	5130
49976	5131
49976	5132
49976	5133
49976	5134
49976	5135
49976	5136
49976	5137
49976	5138
49976	5139
49976	5140
49976	5141
49976	5142
49976	5143
49976	5144
49976	5145
49976	5146
49976	5147
49976	5148
49976	5149
49976	5150
49976	5151
49977	5152
49977	5153
49977	5154
49977	5155
49977	5156
49977	5157
49977	5158
49977	5159
49977	5160
49977	5161
49977	5162
49977	5163
49977	5164
49977	5165
49977	5166
49977	5167
49977	5168
49977	5169
49977	5170
49977	5171
49977	5172
49977	5173
49977	5174
49977	5175
49977	5176
49977	5177
49977	5178
49977	5179
49977	5180
49977	5181
49977	5182
49977	5183
49977	5184
49977	5185
49977	5186
49977	5187
49977	5188
49977	5189
49977	5190
49977	5191
49977	5192
49977	5193
49977	5194
49977	5195
49977	5196
49977	5197
49977	5198
49977	5199
49978	5200
49978	5201
49978	5202
49978	5203
49978	5204
49978	5205
49978	5206
49978	5207
49978	5208
49978	5209
49978	5210
49978	5211
49978	5212
49978	5213
49978	5214
49978	5215
49978	5216
49978	5217
49978	5218
49978	5219
49978	5220
49978	5221
49978	5222
49978	5223
49978	5224
49978	5225
49978	5226
49978	5227
49978	5228
49978	5229
49978	5230
49978	5231
49978	5232
49978	5233
49978	5234
49978	5235
49978	5236
49978	5237
49978	5238
49978	5239
49978	5240
49978	5241
49978	5242
49978	5243
49978	5244
49978	5245
49978	5246
49978	5247
49978	5248
49978	5249
49978	5250
49978	5251
49978	5252
49978	5253
49978	5254
49979	5255
49979	5256
49979	5257
49979	5258
49979	5259
49979	5260
49979	5261
49979	5262
49979	5263
49979	5264
49979	5265
49979	5266
49979	5267
49979	5268
49979	5269
49979	5270
49979	5271
49979	5272
49979	5273
49979	5274
49979	5275
49979	5276
49979	5277
49979	5278
49979	5279
49979	5280
49979	5281
49979	5282
49979	5283
49979	5284
49979	5285
49979	5286
49979	5287
49979	5288
49979	5289
49979	5290
49979	5291
49979	5292
49979	5293
49979	5294
49979	5295
49979	5296
49979	5297
49979	5298
49979	5299
49979	5300
49979	5301
49979	5302
49979	5303
49979	5304
49979	5305
49979	5306
49979	5307
49979	5308
49979	5309
49979	5310
49979	5311
49979	5312
49980	5313
49980	5314
49980	5315
49980	5316
49980	5317
49980	5318
49980	5319
49980	5320
49980	5321
49980	5322
49980	5323
49980	5324
49980	5325
49980	5326
49980	5327
49980	5328
49980	5329
49980	5330
49980	5331
49980	5332
49980	5333
49980	5334
49980	5335
49980	5336
49980	5337
49980	5338
49980	5339
49980	5340
49980	5341
49980	5342
49980	5343
49980	5344
49980	5345
49980	5346
49980	5347
49980	5348
49980	5349
49980	5350
49980	5351
49980	5352
49980	5353
49980	5354
49980	5355
49980	5356
49980	5357
49980	5358
49981	5359
49981	5360
49981	5361
49981	5362
49981	5363
49981	5364
49981	5365
49981	5366
49981	5367
49981	5368
49981	5369
49981	5370
49981	5371
49981	5372
49981	5373
49981	5374
49981	5375
49981	5376
49981	5377
49981	5378
49981	5379
49981	5380
49981	5381
49981	5382
49981	5383
49981	5384
49981	5385
49981	5386
49981	5387
49981	5388
49981	5389
49981	5390
49981	5391
49981	5392
49981	5393
49981	5394
49981	5395
49981	5396
49981	5397
49981	5398
49981	5399
49981	5400
49981	5401
49981	5402
49981	5403
49981	5404
49981	5405
49982	5406
49982	5407
49982	5408
49982	5409
49982	5410
49982	5411
49982	5412
49982	5413
49982	5414
49982	5415
49982	5416
49982	5417
49982	5418
49982	5419
49982	5420
49982	5421
49982	5422
49982	5423
49982	5424
49982	5425
49982	5426
49982	5427
49982	5428
49982	5429
49982	5430
49982	5431
49982	5432
49982	5433
49982	5434
49982	5435
49982	5436
49982	5437
49982	5438
49982	5439
49982	5440
49982	5441
49982	5442
49983	5443
49983	5444
49983	5445
49983	5446
49983	5447
49983	5448
49983	5449
49983	5450
49983	5451
49983	5452
49983	5453
49983	5454
49983	5455
49983	5456
49983	5457
49983	5458
49983	5459
49983	5460
49983	5461
49983	5462
49983	5463
49983	5464
49983	5465
49983	5466
49983	5467
49983	5468
49983	5469
49983	5470
49983	5471
49984	5472
49984	5473
49984	5474
49984	5475
49984	5476
49984	5477
49984	5478
49984	5479
49984	5480
49984	5481
49984	5482
49984	5483
49984	5484
49984	5485
49984	5486
49984	5487
49984	5488
49984	5489
49984	5490
49984	5491
49984	5492
49984	5493
49984	5494
49984	5495
49984	5496
49984	5497
49984	5498
49985	5499
49985	5500
49985	5501
49985	5502
49985	5503
49985	5504
49985	5505
49985	5506
49985	5507
49985	5508
49985	5509
49985	5510
49985	5511
49985	5512
49985	5513
49985	5514
49985	5515
49985	5516
49985	5517
49985	5518
49985	5519
49985	5520
49985	5521
49985	5522
49985	5523
49985	5524
49985	5525
49985	5526
49985	5527
49985	5528
49985	5529
49985	5530
49985	5531
49985	5532
49985	5533
49985	5534
49985	5535
49985	5536
49985	5537
49985	5538
49985	5539
49986	5540
49986	5541
49986	5542
49986	5543
49986	5544
49986	5545
49986	5546
49986	5547
49986	5548
49986	5549
49986	5550
49986	5551
49986	5552
49986	5553
49986	5554
49986	5555
49986	5556
49986	5557
49986	5558
49986	5559
49986	5560
49986	5561
49986	5562
49986	5563
49986	5564
49986	5565
49986	5566
49986	5567
49986	5568
49986	5569
49986	5570
49986	5571
49986	5572
49986	5573
49986	5574
49986	5575
49986	5576
49986	5577
49986	5578
49987	5579
49987	5580
49987	5581
49987	5582
49987	5583
49987	5584
49987	5585
49987	5586
49987	5587
49987	5588
49987	5589
49987	5590
49987	5591
49987	5592
49987	5593
49987	5594
49987	5595
49987	5596
49987	5597
49987	5598
49987	5599
49987	5600
49987	5601
49987	5602
49987	5603
49987	5604
49987	5605
49987	5606
49987	5607
49987	5608
49987	5609
49987	5610
49987	5611
49987	5612
49987	5613
49987	5614
49987	5615
49987	5616
49987	5617
49987	5618
49987	5619
49987	5620
49987	5621
49988	5622
49988	5623
49988	5624
49988	5625
49988	5626
49988	5627
49988	5628
49988	5629
49988	5630
49988	5631
49988	5632
49988	5633
49988	5634
49988	5635
49988	5636
49988	5637
49988	5638
49988	5639
49988	5640
49988	5641
49988	5642
49988	5643
49988	5644
49988	5645
49988	5646
49988	5647
49988	5648
49988	5649
49988	5650
49988	5651
49988	5652
49988	5653
49988	5654
49988	5655
49988	5656
49988	5657
49988	5658
49988	5659
49989	5660
49989	5661
49989	5662
49989	5663
49989	5664
49989	5665
49989	5666
49989	5667
49989	5668
49989	5669
49989	5670
49989	5671
49989	5672
49989	5673
49989	5674
49989	5675
49989	5676
49989	5677
49989	5678
49989	5679
49989	5680
49989	5681
49989	5682
49989	5683
49989	5684
49989	5685
49989	5686
49989	5687
49989	5688
49989	5689
49989	5690
49989	5691
49989	5692
49989	5693
49990	5694
49990	5695
49990	5696
49990	5697
49990	5698
49990	5699
49990	5700
49990	5701
49990	5702
49990	5703
49990	5704
49990	5705
49990	5706
49990	5707
49990	5708
49990	5709
49990	5710
49990	5711
49990	5712
49990	5713
49990	5714
49990	5715
49990	5716
49991	5717
49991	5718
49991	5719
49991	5720
49991	5721
49991	5722
49991	5723
49991	5724
49991	5725
49991	5726
49991	5727
49991	5728
49991	5729
49991	5730
49991	5731
49991	5732
49991	5733
49991	5734
49991	5735
49991	5736
49991	5737
49991	5738
49991	5739
49991	5740
49991	5741
49991	5742
49991	5743
49991	5744
49991	5745
49991	5746
49991	5747
49991	5748
49991	5749
49991	5750
49991	5751
49991	5752
49991	5753
49992	5754
49992	5755
49992	5756
49992	5757
49992	5758
49992	5759
49992	5760
49992	5761
49992	5762
49992	5763
49992	5764
49992	5765
49992	5766
49992	5767
49992	5768
49992	5769
49992	5770
49992	5771
49992	5772
49992	5773
49992	5774
49992	5775
49992	5776
49992	5777
49992	5778
49992	5779
49992	5780
49992	5781
49992	5782
49992	5783
49992	5784
49992	5785
49992	5786
49993	5787
49993	5788
49993	5789
49993	5790
49993	5791
49993	5792
49993	5793
49993	5794
49993	5795
49993	5796
49993	5797
49993	5798
49993	5799
49993	5800
49993	5801
49993	5802
49993	5803
49993	5804
49993	5805
49993	5806
49993	5807
49993	5808
49993	5809
49993	5810
49993	5811
49993	5812
49993	5813
49994	5814
49994	5815
49994	5816
49994	5817
49994	5818
49994	5819
49994	5820
49994	5821
49994	5822
49994	5823
49994	5824
49994	5825
49994	5826
49994	5827
49994	5828
49994	5829
49994	5830
49994	5831
49994	5832
49994	5833
49994	5834
49994	5835
49994	5836
49994	5837
49995	5838
49995	5839
49995	5840
49995	5841
49995	5842
49995	5843
49995	5844
49995	5845
49995	5846
49995	5847
49995	5848
49995	5849
49995	5850
49995	5851
49995	5852
49995	5853
49995	5854
49995	5855
49995	5856
49995	5857
49996	5858
49996	5859
49996	5860
49996	5861
49996	5862
49996	5863
49996	5864
49996	5865
49996	5866
49996	5867
49996	5868
49997	5869
49997	5870
49997	5871
49997	5872
49997	5873
49997	5874
49997	5875
49997	5876
49997	5877
49997	5878
49998	5879
49998	5880
49998	5881
49998	5882
