Year	Forefathers
0	3
2828	3
14450	4
25575	5
26625	6
26949	7
28073	8
29310	9
29527	10
30443	11
35106	12
35723	13
37412	14
40432	15
40545	16
41102	17
41419	18
41464	19
41483	20
41594	21
41690	22
41806	23
42000	24
42202	25
42309	26
42424	27
43655	28
43718	29
43825	30
43846	31
43872	32
43950	33
44019	34
44280	35
44327	36
44481	37
44538	38
44562	39
44593	40
44686	41
44949	42
44966	43
45022	44
45068	45
45074	46
45137	47
45184	48
45239	49
45239	50
45269	51
45382	52
45474	53
45477	54
45545	55
45550	56
45642	57
45642	58
45684	59
45721	60
46085	61
46119	62
46259	63
46264	64
46284	65
46340	66
46342	67
46367	68
46470	69
46498	70
46682	71
46746	72
46778	73
46859	74
46863	75
46956	76
46996	77
47222	78
47244	79
47245	80
47252	81
47285	82
47303	83
47335	84
47344	85
47378	86
47392	87
47466	88
47518	89
47525	90
47542	91
47557	92
47569	93
47586	94
47606	95
47613	96
47626	97
47628	98
47643	99
47656	100
47695	101
47716	102
47721	103
47748	104
47759	105
47764	106
47769	107
47776	108
47804	109
47839	110
47845	111
47859	112
47913	113
47919	114
47921	115
47926	116
47933	117
47934	118
47942	119
48001	120
48005	121
48010	122
48012	123
48021	124
48036	125
48061	126
48083	127
48133	128
48134	129
48139	130
48156	131
48161	132
48163	133
48182	134
48211	135
48224	136
48230	137
48243	138
48276	139
48288	140
48289	141
48308	142
48311	143
48335	144
48383	145
48403	146
48404	147
48411	148
48431	149
48433	150
48433	151
48463	152
48464	153
48466	154
48476	155
48478	156
48498	157
48498	158
48506	159
48507	160
48532	161
48542	162
48546	163
48548	164
48566	165
48567	166
48574	167
48582	168
48590	169
48606	170
48629	171
48637	172
48638	173
48638	174
48638	175
48639	176
48674	177
48681	178
48686	179
48693	180
48708	181
48714	182
48721	183
48724	184
48737	185
48744	186
48762	187
48766	188
48769	189
48788	190
48795	191
48804	192
48812	193
48814	194
48817	195
48829	196
48830	197
48835	198
48846	199
48851	200
48866	201
48867	202
48870	203
48871	204
48877	205
48877	206
48891	207
48935	208
48950	209
48952	210
48952	211
48958	212
48979	213
48986	214
48987	215
48988	216
48995	217
49006	218
49016	219
49020	220
49022	221
49025	222
49027	223
49033	224
49039	225
49045	226
49046	227
49047	228
49056	229
49068	230
49076	231
49080	232
49088	233
49093	234
49093	235
49098	236
49102	237
49110	238
49114	239
49115	240
49117	241
49118	242
49118	243
49119	244
49120	245
49122	246
49125	247
49129	248
49134	249
49141	250
49145	251
49146	252
49148	253
49149	254
49150	255
49151	256
49151	257
49152	258
49153	259
49156	260
49157	261
49158	262
49168	263
49171	264
49171	265
49173	266
49173	267
49180	268
49180	269
49184	270
49185	271
49186	272
49186	273
49188	274
49189	275
49189	276
49193	277
49194	278
49203	279
49206	280
49207	281
49218	282
49221	283
49222	284
49226	285
49227	286
49227	287
49228	288
49229	289
49233	290
49234	291
49237	292
49237	293
49239	294
49251	295
49254	296
49258	297
49262	298
49265	299
49267	300
49268	301
49268	302
49275	303
49278	304
49279	305
49279	306
49280	307
49283	308
49284	309
49291	310
49301	311
49302	312
49302	313
49304	314
49306	315
49307	316
49310	317
49310	318
49310	319
49312	320
49319	321
49319	322
49321	323
49324	324
49327	325
49332	326
49334	327
49335	328
49336	329
49337	330
49338	331
49340	332
49343	333
49349	334
49351	335
49352	336
49356	337
49357	338
49359	339
49361	340
49361	341
49363	342
49364	343
49365	344
49367	345
49374	346
49376	347
49376	348
49377	349
49378	350
49378	351
49380	352
49382	353
49383	354
49388	355
49388	356
49390	357
49391	358
49392	359
49393	360
49397	361
49399	362
49402	363
49402	364
49405	365
49405	366
49407	367
49408	368
49411	369
49411	370
49413	371
49416	372
49417	373
49419	374
49421	375
49421	376
49422	377
49425	378
49428	379
49428	380
49429	381
49431	382
49432	383
49432	384
49433	385
49433	386
49436	387
49436	388
49437	389
49437	390
49439	391
49441	392
49442	393
49444	394
49444	395
49444	396
49445	397
49445	398
49446	399
49449	400
49451	401
49451	402
49452	403
49453	404
49455	405
49455	406
49457	407
49461	408
49464	409
49465	410
49469	411
49471	412
49472	413
49474	414
49475	415
49475	416
49477	417
49482	418
49484	419
49484	420
49484	421
49485	422
49492	423
49497	424
49498	425
49499	426
49501	427
49502	428
49502	429
49503	430
49506	431
49506	432
49508	433
49509	434
49520	435
49524	436
49527	437
49529	438
49532	439
49533	440
49535	441
49535	442
49539	443
49541	444
49543	445
49543	446
49544	447
49544	448
49546	449
49546	450
49548	451
49548	452
49550	453
49551	454
49551	455
49552	456
49552	457
49553	458
49554	459
49560	460
49560	461
49561	462
49562	463
49563	464
49563	465
49564	466
49564	467
49567	468
49568	469
49568	470
49569	471
49569	472
49572	473
49574	474
49575	475
49576	476
49576	477
49576	478
49576	479
49577	480
49577	481
49578	482
49578	483
49579	484
49579	485
49580	486
49581	487
49581	488
49582	489
49582	490
49582	491
49585	492
49585	493
49589	494
49589	495
49590	496
49591	497
49591	498
49592	499
49595	500
49595	501
49596	502
49597	503
49597	504
49598	505
49599	506
49600	507
49600	508
49601	509
49602	510
49603	511
49603	512
49603	513
49603	514
49604	515
49604	516
49605	517
49609	518
49610	519
49612	520
49613	521
49613	522
49613	523
49613	524
49613	525
49614	526
49614	527
49615	528
49616	529
49617	530
49617	531
49618	532
49619	533
49624	534
49625	535
49627	536
49628	537
49628	538
49628	539
49628	540
49628	541
49630	542
49631	543
49633	544
49633	545
49634	546
49634	547
49635	548
49635	549
49637	550
49638	551
49638	552
49638	553
49639	554
49641	555
49641	556
49641	557
49642	558
49642	559
49642	560
49643	561
49643	562
49643	563
49648	564
49648	565
49648	566
49649	567
49649	568
49649	569
49649	570
49650	571
49651	572
49653	573
49653	574
49653	575
49654	576
49655	577
49656	578
49657	579
49657	580
49658	581
49658	582
49658	583
49659	584
49659	585
49660	586
49660	587
49660	588
49660	589
49661	590
49661	591
49662	592
49662	593
49662	594
49663	595
49663	596
49664	597
49665	598
49665	599
49665	600
49666	601
49666	602
49666	603
49666	604
49668	605
49669	606
49669	607
49669	608
49669	609
49669	610
49671	611
49671	612
49672	613
49672	614
49674	615
49674	616
49674	617
49675	618
49675	619
49675	620
49676	621
49676	622
49677	623
49679	624
49681	625
49683	626
49686	627
49686	628
49688	629
49689	630
49689	631
49689	632
49690	633
49692	634
49693	635
49695	636
49696	637
49696	638
49697	639
49697	640
49698	641
49699	642
49699	643
49701	644
49702	645
49702	646
49703	647
49703	648
49704	649
49704	650
49706	651
49706	652
49706	653
49706	654
49708	655
49708	656
49708	657
49709	658
49709	659
49709	660
49710	661
49710	662
49711	663
49711	664
49711	665
49712	666
49712	667
49714	668
49714	669
49715	670
49715	671
49716	672
49717	673
49718	674
49718	675
49719	676
49719	677
49719	678
49719	679
49720	680
49720	681
49721	682
49721	683
49722	684
49722	685
49722	686
49723	687
49723	688
49723	689
49724	690
49724	691
49724	692
49724	693
49725	694
49725	695
49725	696
49726	697
49726	698
49726	699
49727	700
49727	701
49727	702
49728	703
49729	704
49730	705
49730	706
49730	707
49731	708
49731	709
49731	710
49731	711
49731	712
49731	713
49732	714
49734	715
49734	716
49735	717
49735	718
49735	719
49735	720
49735	721
49736	722
49736	723
49737	724
49737	725
49737	726
49738	727
49739	728
49739	729
49739	730
49740	731
49740	732
49741	733
49742	734
49742	735
49742	736
49743	737
49743	738
49743	739
49744	740
49744	741
49744	742
49744	743
49745	744
49745	745
49746	746
49747	747
49747	748
49747	749
49747	750
49747	751
49747	752
49747	753
49747	754
49748	755
49748	756
49748	757
49749	758
49749	759
49750	760
49750	761
49750	762
49751	763
49751	764
49752	765
49752	766
49753	767
49754	768
49755	769
49755	770
49755	771
49755	772
49756	773
49756	774
49757	775
49757	776
49757	777
49758	778
49758	779
49759	780
49759	781
49759	782
49760	783
49761	784
49762	785
49762	786
49762	787
49762	788
49763	789
49763	790
49763	791
49764	792
49764	793
49765	794
49765	795
49765	796
49766	797
49766	798
49766	799
49767	800
49767	801
49767	802
49768	803
49768	804
49769	805
49769	806
49770	807
49770	808
49771	809
49772	810
49772	811
49772	812
49773	813
49773	814
49773	815
49773	816
49773	817
49773	818
49773	819
49773	820
49774	821
49775	822
49775	823
49775	824
49776	825
49776	826
49777	827
49777	828
49777	829
49779	830
49779	831
49779	832
49779	833
49779	834
49780	835
49780	836
49780	837
49780	838
49780	839
49781	840
49781	841
49782	842
49782	843
49782	844
49782	845
49783	846
49783	847
49783	848
49784	849
49785	850
49785	851
49785	852
49786	853
49786	854
49787	855
49787	856
49787	857
49788	858
49788	859
49788	860
49788	861
49788	862
49788	863
49789	864
49789	865
49789	866
49789	867
49789	868
49791	869
49791	870
49792	871
49793	872
49793	873
49793	874
49794	875
49794	876
49794	877
49794	878
49794	879
49795	880
49795	881
49795	882
49795	883
49795	884
49796	885
49796	886
49796	887
49796	888
49796	889
49796	890
49796	891
49797	892
49797	893
49797	894
49797	895
49797	896
49798	897
49798	898
49798	899
49799	900
49799	901
49799	902
49800	903
49800	904
49801	905
49801	906
49802	907
49802	908
49803	909
49803	910
49803	911
49803	912
49804	913
49804	914
49804	915
49804	916
49804	917
49805	918
49805	919
49806	920
49806	921
49806	922
49806	923
49806	924
49806	925
49807	926
49807	927
49807	928
49807	929
49808	930
49808	931
49808	932
49808	933
49808	934
49809	935
49809	936
49809	937
49809	938
49809	939
49809	940
49810	941
49810	942
49810	943
49811	944
49811	945
49811	946
49811	947
49811	948
49812	949
49812	950
49812	951
49813	952
49813	953
49813	954
49813	955
49814	956
49814	957
49814	958
49814	959
49814	960
49814	961
49814	962
49814	963
49815	964
49816	965
49816	966
49816	967
49816	968
49816	969
49817	970
49817	971
49817	972
49818	973
49818	974
49818	975
49818	976
49818	977
49818	978
49818	979
49819	980
49819	981
49819	982
49819	983
49820	984
49820	985
49820	986
49820	987
49821	988
49821	989
49821	990
49821	991
49821	992
49821	993
49822	994
49822	995
49822	996
49822	997
49823	998
49823	999
49823	1000
49823	1001
49824	1002
49824	1003
49824	1004
49824	1005
49824	1006
49824	1007
49824	1008
49824	1009
49825	1010
49826	1011
49826	1012
49826	1013
49827	1014
49827	1015
49828	1016
49828	1017
49829	1018
49829	1019
49829	1020
49829	1021
49829	1022
49829	1023
49829	1024
49830	1025
49830	1026
49830	1027
49831	1028
49831	1029
49831	1030
49831	1031
49831	1032
49831	1033
49831	1034
49832	1035
49832	1036
49832	1037
49832	1038
49833	1039
49833	1040
49833	1041
49833	1042
49834	1043
49834	1044
49834	1045
49834	1046
49834	1047
49835	1048
49835	1049
49835	1050
49835	1051
49835	1052
49836	1053
49836	1054
49836	1055
49836	1056
49836	1057
49836	1058
49836	1059
49836	1060
49837	1061
49837	1062
49837	1063
49837	1064
49837	1065
49837	1066
49837	1067
49839	1068
49839	1069
49839	1070
49839	1071
49839	1072
49839	1073
49839	1074
49839	1075
49840	1076
49840	1077
49840	1078
49840	1079
49840	1080
49840	1081
49840	1082
49841	1083
49841	1084
49842	1085
49842	1086
49842	1087
49842	1088
49843	1089
49843	1090
49843	1091
49843	1092
49843	1093
49843	1094
49843	1095
49843	1096
49843	1097
49844	1098
49844	1099
49844	1100
49844	1101
49844	1102
49845	1103
49845	1104
49845	1105
49845	1106
49845	1107
49845	1108
49845	1109
49845	1110
49845	1111
49846	1112
49846	1113
49846	1114
49846	1115
49846	1116
49847	1117
49847	1118
49847	1119
49847	1120
49847	1121
49847	1122
49847	1123
49848	1124
49848	1125
49848	1126
49848	1127
49848	1128
49849	1129
49849	1130
49849	1131
49849	1132
49849	1133
49850	1134
49850	1135
49850	1136
49850	1137
49850	1138
49851	1139
49851	1140
49851	1141
49851	1142
49851	1143
49851	1144
49851	1145
49851	1146
49852	1147
49853	1148
49853	1149
49853	1150
49853	1151
49853	1152
49853	1153
49854	1154
49854	1155
49854	1156
49854	1157
49854	1158
49855	1159
49855	1160
49855	1161
49855	1162
49855	1163
49855	1164
49855	1165
49855	1166
49855	1167
49855	1168
49856	1169
49856	1170
49856	1171
49856	1172
49856	1173
49856	1174
49857	1175
49857	1176
49857	1177
49857	1178
49857	1179
49857	1180
49858	1181
49858	1182
49858	1183
49858	1184
49858	1185
49858	1186
49858	1187
49858	1188
49859	1189
49859	1190
49859	1191
49859	1192
49859	1193
49859	1194
49859	1195
49859	1196
49859	1197
49859	1198
49860	1199
49861	1200
49861	1201
49861	1202
49861	1203
49861	1204
49861	1205
49862	1206
49862	1207
49862	1208
49862	1209
49862	1210
49862	1211
49862	1212
49862	1213
49862	1214
49862	1215
49863	1216
49863	1217
49863	1218
49863	1219
49863	1220
49863	1221
49863	1222
49863	1223
49863	1224
49863	1225
49864	1226
49864	1227
49864	1228
49864	1229
49864	1230
49865	1231
49865	1232
49865	1233
49865	1234
49866	1235
49866	1236
49866	1237
49866	1238
49866	1239
49867	1240
49867	1241
49867	1242
49867	1243
49867	1244
49867	1245
49867	1246
49867	1247
49867	1248
49867	1249
49867	1250
49867	1251
49867	1252
49867	1253
49868	1254
49868	1255
49868	1256
49868	1257
49868	1258
49868	1259
49868	1260
49869	1261
49869	1262
49869	1263
49869	1264
49869	1265
49869	1266
49869	1267
49870	1268
49870	1269
49870	1270
49870	1271
49870	1272
49870	1273
49870	1274
49870	1275
49870	1276
49870	1277
49870	1278
49871	1279
49871	1280
49871	1281
49871	1282
49871	1283
49871	1284
49871	1285
49872	1286
49872	1287
49872	1288
49872	1289
49872	1290
49872	1291
49872	1292
49872	1293
49872	1294
49872	1295
49872	1296
49872	1297
49872	1298
49873	1299
49873	1300
49873	1301
49873	1302
49873	1303
49873	1304
49874	1305
49874	1306
49874	1307
49874	1308
49874	1309
49874	1310
49874	1311
49874	1312
49874	1313
49874	1314
49875	1315
49875	1316
49875	1317
49875	1318
49875	1319
49875	1320
49875	1321
49875	1322
49875	1323
49876	1324
49876	1325
49876	1326
49876	1327
49876	1328
49876	1329
49876	1330
49876	1331
49876	1332
49877	1333
49877	1334
49878	1335
49878	1336
49878	1337
49878	1338
49878	1339
49878	1340
49878	1341
49878	1342
49878	1343
49878	1344
49878	1345
49878	1346
49879	1347
49879	1348
49879	1349
49880	1350
49880	1351
49880	1352
49880	1353
49880	1354
49880	1355
49880	1356
49880	1357
49881	1358
49881	1359
49881	1360
49881	1361
49881	1362
49881	1363
49881	1364
49881	1365
49881	1366
49881	1367
49882	1368
49882	1369
49882	1370
49882	1371
49882	1372
49882	1373
49883	1374
49883	1375
49883	1376
49883	1377
49883	1378
49883	1379
49883	1380
49883	1381
49883	1382
49883	1383
49883	1384
49884	1385
49884	1386
49884	1387
49884	1388
49884	1389
49884	1390
49884	1391
49884	1392
49884	1393
49884	1394
49884	1395
49884	1396
49885	1397
49885	1398
49885	1399
49885	1400
49885	1401
49885	1402
49885	1403
49885	1404
49885	1405
49885	1406
49885	1407
49885	1408
49885	1409
49885	1410
49885	1411
49886	1412
49886	1413
49886	1414
49886	1415
49886	1416
49886	1417
49886	1418
49886	1419
49886	1420
49886	1421
49886	1422
49887	1423
49887	1424
49887	1425
49887	1426
49887	1427
49887	1428
49887	1429
49887	1430
49887	1431
49887	1432
49887	1433
49888	1434
49888	1435
49888	1436
49888	1437
49888	1438
49888	1439
49888	1440
49888	1441
49889	1442
49889	1443
49889	1444
49889	1445
49889	1446
49889	1447
49889	1448
49889	1449
49889	1450
49890	1451
49890	1452
49890	1453
49890	1454
49890	1455
49890	1456
49890	1457
49890	1458
49890	1459
49890	1460
49890	1461
49890	1462
49890	1463
49890	1464
49891	1465
49891	1466
49891	1467
49891	1468
49891	1469
49891	1470
49892	1471
49892	1472
49892	1473
49892	1474
49892	1475
49892	1476
49892	1477
49892	1478
49892	1479
49892	1480
49892	1481
49893	1482
49893	1483
49893	1484
49893	1485
49893	1486
49893	1487
49893	1488
49893	1489
49893	1490
49893	1491
49893	1492
49893	1493
49894	1494
49894	1495
49894	1496
49894	1497
49894	1498
49894	1499
49894	1500
49894	1501
49894	1502
49894	1503
49894	1504
49894	1505
49894	1506
49894	1507
49894	1508
49894	1509
49894	1510
49894	1511
49895	1512
49895	1513
49895	1514
49895	1515
49895	1516
49895	1517
49895	1518
49895	1519
49895	1520
49896	1521
49896	1522
49896	1523
49896	1524
49896	1525
49896	1526
49896	1527
49896	1528
49896	1529
49896	1530
49897	1531
49897	1532
49897	1533
49897	1534
49897	1535
49897	1536
49897	1537
49897	1538
49897	1539
49897	1540
49897	1541
49897	1542
49898	1543
49898	1544
49898	1545
49898	1546
49898	1547
49898	1548
49898	1549
49898	1550
49898	1551
49898	1552
49899	1553
49899	1554
49899	1555
49899	1556
49899	1557
49899	1558
49899	1559
49899	1560
49900	1561
49900	1562
49900	1563
49900	1564
49900	1565
49900	1566
49900	1567
49900	1568
49900	1569
49900	1570
49900	1571
49900	1572
49900	1573
49901	1574
49901	1575
49901	1576
49901	1577
49901	1578
49901	1579
49901	1580
49901	1581
49901	1582
49902	1583
49902	1584
49902	1585
49902	1586
49902	1587
49902	1588
49902	1589
49902	1590
49902	1591
49902	1592
49902	1593
49902	1594
49902	1595
49902	1596
49902	1597
49902	1598
49902	1599
49903	1600
49903	1601
49903	1602
49903	1603
49903	1604
49903	1605
49903	1606
49903	1607
49903	1608
49903	1609
49903	1610
49903	1611
49903	1612
49903	1613
49903	1614
49903	1615
49903	1616
49904	1617
49904	1618
49904	1619
49904	1620
49904	1621
49904	1622
49904	1623
49904	1624
49904	1625
49904	1626
49904	1627
49904	1628
49904	1629
49905	1630
49905	1631
49905	1632
49905	1633
49905	1634
49905	1635
49905	1636
49905	1637
49905	1638
49905	1639
49905	1640
49906	1641
49906	1642
49906	1643
49906	1644
49906	1645
49906	1646
49906	1647
49906	1648
49907	1649
49907	1650
49907	1651
49907	1652
49907	1653
49907	1654
49907	1655
49907	1656
49907	1657
49907	1658
49907	1659
49907	1660
49907	1661
49907	1662
49908	1663
49908	1664
49908	1665
49908	1666
49908	1667
49908	1668
49908	1669
49908	1670
49908	1671
49909	1672
49909	1673
49909	1674
49909	1675
49909	1676
49909	1677
49909	1678
49909	1679
49909	1680
49909	1681
49909	1682
49909	1683
49909	1684
49909	1685
49909	1686
49910	1687
49910	1688
49910	1689
49910	1690
49910	1691
49910	1692
49910	1693
49910	1694
49910	1695
49910	1696
49910	1697
49910	1698
49910	1699
49910	1700
49910	1701
49911	1702
49911	1703
49911	1704
49911	1705
49911	1706
49911	1707
49911	1708
49911	1709
49911	1710
49911	1711
49911	1712
49911	1713
49911	1714
49911	1715
49911	1716
49912	1717
49912	1718
49912	1719
49912	1720
49912	1721
49912	1722
49912	1723
49912	1724
49912	1725
49912	1726
49912	1727
49913	1728
49913	1729
49913	1730
49913	1731
49913	1732
49913	1733
49913	1734
49913	1735
49913	1736
49913	1737
49913	1738
49913	1739
49913	1740
49913	1741
49913	1742
49913	1743
49913	1744
49913	1745
49913	1746
49914	1747
49914	1748
49914	1749
49914	1750
49914	1751
49914	1752
49914	1753
49914	1754
49914	1755
49914	1756
49914	1757
49914	1758
49914	1759
49914	1760
49915	1761
49915	1762
49915	1763
49915	1764
49915	1765
49915	1766
49915	1767
49915	1768
49915	1769
49915	1770
49915	1771
49915	1772
49915	1773
49915	1774
49915	1775
49915	1776
49915	1777
49915	1778
49915	1779
49915	1780
49915	1781
49915	1782
49916	1783
49916	1784
49916	1785
49916	1786
49916	1787
49916	1788
49916	1789
49916	1790
49916	1791
49916	1792
49916	1793
49917	1794
49917	1795
49917	1796
49917	1797
49917	1798
49917	1799
49917	1800
49917	1801
49917	1802
49917	1803
49917	1804
49917	1805
49917	1806
49918	1807
49918	1808
49918	1809
49918	1810
49918	1811
49918	1812
49918	1813
49918	1814
49918	1815
49918	1816
49918	1817
49918	1818
49918	1819
49918	1820
49918	1821
49918	1822
49918	1823
49918	1824
49918	1825
49918	1826
49919	1827
49919	1828
49919	1829
49919	1830
49919	1831
49919	1832
49919	1833
49919	1834
49919	1835
49919	1836
49919	1837
49919	1838
49919	1839
49919	1840
49919	1841
49919	1842
49919	1843
49919	1844
49919	1845
49919	1846
49919	1847
49919	1848
49919	1849
49919	1850
49919	1851
49919	1852
49919	1853
49919	1854
49919	1855
49919	1856
49919	1857
49920	1858
49920	1859
49920	1860
49920	1861
49920	1862
49920	1863
49920	1864
49920	1865
49920	1866
49920	1867
49920	1868
49920	1869
49920	1870
49920	1871
49920	1872
49920	1873
49921	1874
49921	1875
49921	1876
49921	1877
49921	1878
49921	1879
49921	1880
49921	1881
49921	1882
49921	1883
49921	1884
49921	1885
49921	1886
49921	1887
49921	1888
49921	1889
49922	1890
49922	1891
49922	1892
49922	1893
49922	1894
49922	1895
49922	1896
49922	1897
49922	1898
49922	1899
49922	1900
49922	1901
49922	1902
49922	1903
49922	1904
49922	1905
49922	1906
49922	1907
49922	1908
49922	1909
49922	1910
49922	1911
49922	1912
49922	1913
49923	1914
49923	1915
49923	1916
49923	1917
49923	1918
49923	1919
49923	1920
49923	1921
49923	1922
49923	1923
49923	1924
49923	1925
49923	1926
49923	1927
49923	1928
49923	1929
49923	1930
49923	1931
49923	1932
49923	1933
49923	1934
49923	1935
49923	1936
49923	1937
49923	1938
49923	1939
49923	1940
49923	1941
49923	1942
49923	1943
49923	1944
49923	1945
49923	1946
49923	1947
49923	1948
49924	1949
49924	1950
49924	1951
49924	1952
49924	1953
49924	1954
49924	1955
49924	1956
49924	1957
49924	1958
49924	1959
49924	1960
49924	1961
49924	1962
49924	1963
49924	1964
49924	1965
49924	1966
49924	1967
49924	1968
49924	1969
49924	1970
49924	1971
49925	1972
49925	1973
49925	1974
49925	1975
49925	1976
49925	1977
49925	1978
49925	1979
49925	1980
49925	1981
49925	1982
49925	1983
49925	1984
49925	1985
49925	1986
49925	1987
49925	1988
49925	1989
49925	1990
49925	1991
49925	1992
49925	1993
49925	1994
49925	1995
49925	1996
49925	1997
49925	1998
49925	1999
49925	2000
49925	2001
49925	2002
49925	2003
49925	2004
49925	2005
49925	2006
49926	2007
49926	2008
49926	2009
49926	2010
49926	2011
49926	2012
49926	2013
49926	2014
49926	2015
49926	2016
49926	2017
49926	2018
49926	2019
49926	2020
49926	2021
49926	2022
49926	2023
49926	2024
49926	2025
49926	2026
49927	2027
49927	2028
49927	2029
49927	2030
49927	2031
49927	2032
49927	2033
49927	2034
49927	2035
49927	2036
49927	2037
49927	2038
49927	2039
49927	2040
49927	2041
49927	2042
49927	2043
49927	2044
49927	2045
49927	2046
49927	2047
49928	2048
49928	2049
49928	2050
49928	2051
49928	2052
49928	2053
49928	2054
49928	2055
49928	2056
49928	2057
49928	2058
49928	2059
49928	2060
49928	2061
49928	2062
49928	2063
49928	2064
49928	2065
49928	2066
49928	2067
49928	2068
49928	2069
49928	2070
49928	2071
49928	2072
49928	2073
49928	2074
49928	2075
49928	2076
49928	2077
49928	2078
49928	2079
49928	2080
49928	2081
49928	2082
49928	2083
49928	2084
49928	2085
49928	2086
49928	2087
49928	2088
49928	2089
49929	2090
49929	2091
49929	2092
49929	2093
49929	2094
49929	2095
49929	2096
49929	2097
49929	2098
49929	2099
49929	2100
49929	2101
49929	2102
49929	2103
49929	2104
49929	2105
49929	2106
49929	2107
49929	2108
49929	2109
49929	2110
49929	2111
49929	2112
49929	2113
49929	2114
49929	2115
49929	2116
49929	2117
49929	2118
49929	2119
49929	2120
49929	2121
49929	2122
49930	2123
49930	2124
49930	2125
49930	2126
49930	2127
49930	2128
49930	2129
49930	2130
49930	2131
49930	2132
49930	2133
49930	2134
49930	2135
49930	2136
49930	2137
49930	2138
49930	2139
49930	2140
49930	2141
49930	2142
49930	2143
49930	2144
49930	2145
49930	2146
49930	2147
49930	2148
49930	2149
49931	2150
49931	2151
49931	2152
49931	2153
49931	2154
49931	2155
49931	2156
49931	2157
49931	2158
49931	2159
49931	2160
49931	2161
49931	2162
49931	2163
49931	2164
49931	2165
49931	2166
49931	2167
49931	2168
49931	2169
49931	2170
49931	2171
49931	2172
49931	2173
49931	2174
49931	2175
49931	2176
49931	2177
49931	2178
49931	2179
49931	2180
49931	2181
49931	2182
49931	2183
49931	2184
49931	2185
49931	2186
49931	2187
49931	2188
49931	2189
49931	2190
49931	2191
49931	2192
49931	2193
49931	2194
49931	2195
49931	2196
49931	2197
49931	2198
49931	2199
49931	2200
49931	2201
49931	2202
49931	2203
49931	2204
49931	2205
49931	2206
49931	2207
49931	2208
49932	2209
49932	2210
49932	2211
49932	2212
49932	2213
49932	2214
49932	2215
49932	2216
49932	2217
49932	2218
49932	2219
49932	2220
49932	2221
49932	2222
49932	2223
49932	2224
49932	2225
49932	2226
49932	2227
49932	2228
49932	2229
49932	2230
49932	2231
49932	2232
49932	2233
49932	2234
49932	2235
49932	2236
49932	2237
49932	2238
49933	2239
49933	2240
49933	2241
49933	2242
49933	2243
49933	2244
49933	2245
49933	2246
49933	2247
49933	2248
49933	2249
49933	2250
49933	2251
49933	2252
49933	2253
49933	2254
49933	2255
49933	2256
49933	2257
49933	2258
49933	2259
49933	2260
49933	2261
49933	2262
49933	2263
49933	2264
49933	2265
49933	2266
49933	2267
49933	2268
49933	2269
49933	2270
49933	2271
49933	2272
49933	2273
49933	2274
49933	2275
49933	2276
49933	2277
49933	2278
49934	2279
49934	2280
49934	2281
49934	2282
49934	2283
49934	2284
49934	2285
49934	2286
49934	2287
49934	2288
49934	2289
49934	2290
49934	2291
49934	2292
49934	2293
49934	2294
49934	2295
49934	2296
49934	2297
49934	2298
49934	2299
49934	2300
49934	2301
49934	2302
49934	2303
49934	2304
49934	2305
49934	2306
49934	2307
49934	2308
49934	2309
49934	2310
49934	2311
49934	2312
49935	2313
49935	2314
49935	2315
49935	2316
49935	2317
49935	2318
49935	2319
49935	2320
49935	2321
49935	2322
49935	2323
49935	2324
49935	2325
49935	2326
49935	2327
49935	2328
49935	2329
49935	2330
49935	2331
49935	2332
49935	2333
49935	2334
49935	2335
49935	2336
49935	2337
49935	2338
49935	2339
49935	2340
49935	2341
49936	2342
49936	2343
49936	2344
49936	2345
49936	2346
49936	2347
49936	2348
49936	2349
49936	2350
49936	2351
49936	2352
49936	2353
49936	2354
49936	2355
49936	2356
49936	2357
49936	2358
49936	2359
49936	2360
49936	2361
49936	2362
49936	2363
49936	2364
49936	2365
49936	2366
49936	2367
49936	2368
49936	2369
49936	2370
49936	2371
49936	2372
49936	2373
49936	2374
49936	2375
49936	2376
49936	2377
49936	2378
49936	2379
49936	2380
49937	2381
49937	2382
49937	2383
49937	2384
49937	2385
49937	2386
49937	2387
49937	2388
49937	2389
49937	2390
49937	2391
49937	2392
49937	2393
49937	2394
49937	2395
49937	2396
49937	2397
49937	2398
49937	2399
49937	2400
49937	2401
49937	2402
49937	2403
49937	2404
49937	2405
49937	2406
49937	2407
49937	2408
49937	2409
49937	2410
49937	2411
49937	2412
49937	2413
49937	2414
49937	2415
49937	2416
49937	2417
49937	2418
49937	2419
49937	2420
49937	2421
49937	2422
49937	2423
49937	2424
49937	2425
49937	2426
49937	2427
49937	2428
49937	2429
49938	2430
49938	2431
49938	2432
49938	2433
49938	2434
49938	2435
49938	2436
49938	2437
49938	2438
49938	2439
49938	2440
49938	2441
49938	2442
49938	2443
49938	2444
49938	2445
49938	2446
49938	2447
49938	2448
49938	2449
49938	2450
49938	2451
49938	2452
49938	2453
49938	2454
49938	2455
49938	2456
49938	2457
49938	2458
49938	2459
49938	2460
49938	2461
49938	2462
49938	2463
49938	2464
49938	2465
49938	2466
49938	2467
49938	2468
49938	2469
49938	2470
49938	2471
49938	2472
49938	2473
49938	2474
49938	2475
49938	2476
49938	2477
49938	2478
49938	2479
49938	2480
49938	2481
49938	2482
49938	2483
49938	2484
49938	2485
49938	2486
49938	2487
49939	2488
49939	2489
49939	2490
49939	2491
49939	2492
49939	2493
49939	2494
49939	2495
49939	2496
49939	2497
49939	2498
49939	2499
49939	2500
49939	2501
49939	2502
49939	2503
49939	2504
49939	2505
49939	2506
49939	2507
49939	2508
49939	2509
49939	2510
49939	2511
49939	2512
49939	2513
49939	2514
49939	2515
49939	2516
49939	2517
49939	2518
49939	2519
49939	2520
49939	2521
49939	2522
49939	2523
49939	2524
49939	2525
49939	2526
49939	2527
49939	2528
49940	2529
49940	2530
49940	2531
49940	2532
49940	2533
49940	2534
49940	2535
49940	2536
49940	2537
49940	2538
49940	2539
49940	2540
49940	2541
49940	2542
49940	2543
49940	2544
49940	2545
49940	2546
49940	2547
49940	2548
49940	2549
49940	2550
49940	2551
49940	2552
49940	2553
49940	2554
49940	2555
49940	2556
49940	2557
49940	2558
49940	2559
49940	2560
49940	2561
49940	2562
49940	2563
49940	2564
49940	2565
49940	2566
49940	2567
49940	2568
49940	2569
49940	2570
49940	2571
49940	2572
49940	2573
49940	2574
49940	2575
49940	2576
49940	2577
49940	2578
49940	2579
49940	2580
49940	2581
49940	2582
49940	2583
49940	2584
49940	2585
49940	2586
49940	2587
49940	2588
49940	2589
49940	2590
49940	2591
49941	2592
49941	2593
49941	2594
49941	2595
49941	2596
49941	2597
49941	2598
49941	2599
49941	2600
49941	2601
49941	2602
49941	2603
49941	2604
49941	2605
49941	2606
49941	2607
49941	2608
49941	2609
49941	2610
49941	2611
49941	2612
49941	2613
49941	2614
49941	2615
49941	2616
49941	2617
49941	2618
49941	2619
49941	2620
49941	2621
49941	2622
49941	2623
49941	2624
49941	2625
49941	2626
49941	2627
49941	2628
49941	2629
49941	2630
49941	2631
49941	2632
49941	2633
49941	2634
49941	2635
49941	2636
49941	2637
49941	2638
49941	2639
49941	2640
49941	2641
49941	2642
49941	2643
49941	2644
49941	2645
49941	2646
49941	2647
49941	2648
49941	2649
49941	2650
49941	2651
49941	2652
49941	2653
49941	2654
49941	2655
49941	2656
49941	2657
49941	2658
49941	2659
49941	2660
49942	2661
49942	2662
49942	2663
49942	2664
49942	2665
49942	2666
49942	2667
49942	2668
49942	2669
49942	2670
49942	2671
49942	2672
49942	2673
49942	2674
49942	2675
49942	2676
49942	2677
49942	2678
49942	2679
49942	2680
49942	2681
49942	2682
49942	2683
49942	2684
49942	2685
49942	2686
49942	2687
49942	2688
49942	2689
49942	2690
49942	2691
49942	2692
49942	2693
49942	2694
49942	2695
49942	2696
49942	2697
49942	2698
49942	2699
49942	2700
49942	2701
49942	2702
49942	2703
49942	2704
49942	2705
49942	2706
49942	2707
49942	2708
49942	2709
49942	2710
49942	2711
49942	2712
49942	2713
49942	2714
49943	2715
49943	2716
49943	2717
49943	2718
49943	2719
49943	2720
49943	2721
49943	2722
49943	2723
49943	2724
49943	2725
49943	2726
49943	2727
49943	2728
49943	2729
49943	2730
49943	2731
49943	2732
49943	2733
49943	2734
49943	2735
49943	2736
49943	2737
49943	2738
49943	2739
49943	2740
49943	2741
49943	2742
49943	2743
49943	2744
49943	2745
49943	2746
49943	2747
49943	2748
49943	2749
49943	2750
49943	2751
49943	2752
49943	2753
49943	2754
49943	2755
49943	2756
49943	2757
49943	2758
49943	2759
49943	2760
49943	2761
49943	2762
49943	2763
49943	2764
49943	2765
49943	2766
49943	2767
49943	2768
49943	2769
49943	2770
49943	2771
49943	2772
49943	2773
49943	2774
49944	2775
49944	2776
49944	2777
49944	2778
49944	2779
49944	2780
49944	2781
49944	2782
49944	2783
49944	2784
49944	2785
49944	2786
49944	2787
49944	2788
49944	2789
49944	2790
49944	2791
49944	2792
49944	2793
49944	2794
49944	2795
49944	2796
49944	2797
49944	2798
49944	2799
49944	2800
49944	2801
49944	2802
49944	2803
49944	2804
49944	2805
49944	2806
49944	2807
49944	2808
49944	2809
49944	2810
49944	2811
49944	2812
49944	2813
49944	2814
49944	2815
49944	2816
49944	2817
49944	2818
49944	2819
49944	2820
49944	2821
49944	2822
49944	2823
49944	2824
49944	2825
49944	2826
49944	2827
49944	2828
49944	2829
49944	2830
49944	2831
49944	2832
49944	2833
49944	2834
49944	2835
49944	2836
49944	2837
49944	2838
49944	2839
49944	2840
49944	2841
49944	2842
49944	2843
49944	2844
49944	2845
49944	2846
49944	2847
49945	2848
49945	2849
49945	2850
49945	2851
49945	2852
49945	2853
49945	2854
49945	2855
49945	2856
49945	2857
49945	2858
49945	2859
49945	2860
49945	2861
49945	2862
49945	2863
49945	2864
49945	2865
49945	2866
49945	2867
49945	2868
49945	2869
49945	2870
49945	2871
49945	2872
49945	2873
49945	2874
49945	2875
49945	2876
49945	2877
49945	2878
49945	2879
49945	2880
49945	2881
49945	2882
49945	2883
49945	2884
49945	2885
49945	2886
49945	2887
49945	2888
49945	2889
49945	2890
49945	2891
49945	2892
49945	2893
49945	2894
49945	2895
49945	2896
49945	2897
49945	2898
49945	2899
49945	2900
49945	2901
49945	2902
49945	2903
49945	2904
49945	2905
49946	2906
49946	2907
49946	2908
49946	2909
49946	2910
49946	2911
49946	2912
49946	2913
49946	2914
49946	2915
49946	2916
49946	2917
49946	2918
49946	2919
49946	2920
49946	2921
49946	2922
49946	2923
49946	2924
49946	2925
49946	2926
49946	2927
49946	2928
49946	2929
49946	2930
49946	2931
49946	2932
49946	2933
49946	2934
49946	2935
49946	2936
49946	2937
49946	2938
49946	2939
49946	2940
49946	2941
49946	2942
49946	2943
49946	2944
49946	2945
49946	2946
49946	2947
49946	2948
49946	2949
49946	2950
49946	2951
49946	2952
49946	2953
49946	2954
49946	2955
49946	2956
49946	2957
49946	2958
49946	2959
49946	2960
49946	2961
49947	2962
49947	2963
49947	2964
49947	2965
49947	2966
49947	2967
49947	2968
49947	2969
49947	2970
49947	2971
49947	2972
49947	2973
49947	2974
49947	2975
49947	2976
49947	2977
49947	2978
49947	2979
49947	2980
49947	2981
49947	2982
49947	2983
49947	2984
49947	2985
49947	2986
49947	2987
49947	2988
49947	2989
49947	2990
49947	2991
49947	2992
49947	2993
49947	2994
49947	2995
49947	2996
49947	2997
49947	2998
49947	2999
49947	3000
49947	3001
49947	3002
49947	3003
49947	3004
49947	3005
49947	3006
49947	3007
49947	3008
49947	3009
49947	3010
49947	3011
49947	3012
49947	3013
49947	3014
49947	3015
49947	3016
49947	3017
49947	3018
49947	3019
49947	3020
49947	3021
49947	3022
49947	3023
49947	3024
49948	3025
49948	3026
49948	3027
49948	3028
49948	3029
49948	3030
49948	3031
49948	3032
49948	3033
49948	3034
49948	3035
49948	3036
49948	3037
49948	3038
49948	3039
49948	3040
49948	3041
49948	3042
49948	3043
49948	3044
49948	3045
49948	3046
49948	3047
49948	3048
49948	3049
49948	3050
49948	3051
49948	3052
49948	3053
49948	3054
49948	3055
49948	3056
49948	3057
49948	3058
49948	3059
49948	3060
49948	3061
49948	3062
49948	3063
49948	3064
49948	3065
49948	3066
49948	3067
49948	3068
49948	3069
49948	3070
49948	3071
49948	3072
49948	3073
49948	3074
49948	3075
49948	3076
49948	3077
49948	3078
49948	3079
49948	3080
49948	3081
49948	3082
49948	3083
49948	3084
49948	3085
49948	3086
49948	3087
49948	3088
49948	3089
49948	3090
49948	3091
49948	3092
49948	3093
49948	3094
49949	3095
49949	3096
49949	3097
49949	3098
49949	3099
49949	3100
49949	3101
49949	3102
49949	3103
49949	3104
49949	3105
49949	3106
49949	3107
49949	3108
49949	3109
49949	3110
49949	3111
49949	3112
49949	3113
49949	3114
49949	3115
49949	3116
49949	3117
49949	3118
49949	3119
49949	3120
49949	3121
49949	3122
49949	3123
49949	3124
49949	3125
49949	3126
49949	3127
49949	3128
49949	3129
49949	3130
49949	3131
49949	3132
49949	3133
49949	3134
49949	3135
49949	3136
49949	3137
49949	3138
49949	3139
49949	3140
49949	3141
49949	3142
49949	3143
49949	3144
49949	3145
49949	3146
49949	3147
49949	3148
49949	3149
49949	3150
49949	3151
49949	3152
49949	3153
49949	3154
49949	3155
49949	3156
49949	3157
49950	3158
49950	3159
49950	3160
49950	3161
49950	3162
49950	3163
49950	3164
49950	3165
49950	3166
49950	3167
49950	3168
49950	3169
49950	3170
49950	3171
49950	3172
49950	3173
49950	3174
49950	3175
49950	3176
49950	3177
49950	3178
49950	3179
49950	3180
49950	3181
49950	3182
49950	3183
49950	3184
49950	3185
49950	3186
49950	3187
49950	3188
49950	3189
49950	3190
49950	3191
49950	3192
49950	3193
49950	3194
49950	3195
49950	3196
49950	3197
49950	3198
49950	3199
49950	3200
49950	3201
49950	3202
49950	3203
49950	3204
49950	3205
49950	3206
49950	3207
49950	3208
49950	3209
49950	3210
49950	3211
49950	3212
49950	3213
49950	3214
49950	3215
49950	3216
49950	3217
49950	3218
49950	3219
49950	3220
49950	3221
49951	3222
49951	3223
49951	3224
49951	3225
49951	3226
49951	3227
49951	3228
49951	3229
49951	3230
49951	3231
49951	3232
49951	3233
49951	3234
49951	3235
49951	3236
49951	3237
49951	3238
49951	3239
49951	3240
49951	3241
49951	3242
49951	3243
49951	3244
49951	3245
49951	3246
49951	3247
49951	3248
49951	3249
49951	3250
49951	3251
49951	3252
49951	3253
49951	3254
49951	3255
49951	3256
49951	3257
49951	3258
49951	3259
49951	3260
49951	3261
49951	3262
49951	3263
49951	3264
49951	3265
49951	3266
49951	3267
49951	3268
49951	3269
49951	3270
49951	3271
49951	3272
49951	3273
49951	3274
49951	3275
49951	3276
49951	3277
49951	3278
49951	3279
49951	3280
49951	3281
49951	3282
49951	3283
49951	3284
49952	3285
49952	3286
49952	3287
49952	3288
49952	3289
49952	3290
49952	3291
49952	3292
49952	3293
49952	3294
49952	3295
49952	3296
49952	3297
49952	3298
49952	3299
49952	3300
49952	3301
49952	3302
49952	3303
49952	3304
49952	3305
49952	3306
49952	3307
49952	3308
49952	3309
49952	3310
49952	3311
49952	3312
49952	3313
49952	3314
49952	3315
49952	3316
49952	3317
49952	3318
49952	3319
49952	3320
49952	3321
49952	3322
49952	3323
49952	3324
49952	3325
49952	3326
49952	3327
49952	3328
49952	3329
49952	3330
49952	3331
49952	3332
49952	3333
49952	3334
49952	3335
49952	3336
49952	3337
49952	3338
49952	3339
49952	3340
49952	3341
49952	3342
49952	3343
49952	3344
49952	3345
49952	3346
49952	3347
49952	3348
49952	3349
49952	3350
49952	3351
49952	3352
49952	3353
49952	3354
49952	3355
49952	3356
49952	3357
49953	3358
49953	3359
49953	3360
49953	3361
49953	3362
49953	3363
49953	3364
49953	3365
49953	3366
49953	3367
49953	3368
49953	3369
49953	3370
49953	3371
49953	3372
49953	3373
49953	3374
49953	3375
49953	3376
49953	3377
49953	3378
49953	3379
49953	3380
49953	3381
49953	3382
49953	3383
49953	3384
49953	3385
49953	3386
49953	3387
49953	3388
49953	3389
49953	3390
49953	3391
49953	3392
49953	3393
49953	3394
49953	3395
49953	3396
49953	3397
49953	3398
49953	3399
49953	3400
49953	3401
49953	3402
49953	3403
49953	3404
49953	3405
49953	3406
49953	3407
49953	3408
49953	3409
49953	3410
49953	3411
49953	3412
49953	3413
49953	3414
49953	3415
49953	3416
49953	3417
49953	3418
49953	3419
49953	3420
49953	3421
49953	3422
49953	3423
49953	3424
49953	3425
49953	3426
49953	3427
49953	3428
49953	3429
49953	3430
49953	3431
49953	3432
49953	3433
49953	3434
49953	3435
49953	3436
49953	3437
49953	3438
49953	3439
49953	3440
49953	3441
49953	3442
49954	3443
49954	3444
49954	3445
49954	3446
49954	3447
49954	3448
49954	3449
49954	3450
49954	3451
49954	3452
49954	3453
49954	3454
49954	3455
49954	3456
49954	3457
49954	3458
49954	3459
49954	3460
49954	3461
49954	3462
49954	3463
49954	3464
49954	3465
49954	3466
49954	3467
49954	3468
49954	3469
49954	3470
49954	3471
49954	3472
49954	3473
49954	3474
49954	3475
49954	3476
49954	3477
49954	3478
49954	3479
49954	3480
49954	3481
49954	3482
49954	3483
49954	3484
49954	3485
49954	3486
49954	3487
49954	3488
49954	3489
49954	3490
49954	3491
49954	3492
49954	3493
49954	3494
49954	3495
49954	3496
49954	3497
49954	3498
49954	3499
49954	3500
49954	3501
49954	3502
49954	3503
49954	3504
49954	3505
49954	3506
49954	3507
49954	3508
49954	3509
49955	3510
49955	3511
49955	3512
49955	3513
49955	3514
49955	3515
49955	3516
49955	3517
49955	3518
49955	3519
49955	3520
49955	3521
49955	3522
49955	3523
49955	3524
49955	3525
49955	3526
49955	3527
49955	3528
49955	3529
49955	3530
49955	3531
49955	3532
49955	3533
49955	3534
49955	3535
49955	3536
49955	3537
49955	3538
49955	3539
49955	3540
49955	3541
49955	3542
49955	3543
49955	3544
49955	3545
49955	3546
49955	3547
49955	3548
49955	3549
49955	3550
49955	3551
49955	3552
49955	3553
49955	3554
49955	3555
49955	3556
49955	3557
49955	3558
49955	3559
49955	3560
49955	3561
49955	3562
49955	3563
49955	3564
49955	3565
49955	3566
49955	3567
49955	3568
49955	3569
49955	3570
49955	3571
49956	3572
49956	3573
49956	3574
49956	3575
49956	3576
49956	3577
49956	3578
49956	3579
49956	3580
49956	3581
49956	3582
49956	3583
49956	3584
49956	3585
49956	3586
49956	3587
49956	3588
49956	3589
49956	3590
49956	3591
49956	3592
49956	3593
49956	3594
49956	3595
49956	3596
49956	3597
49956	3598
49956	3599
49956	3600
49956	3601
49956	3602
49956	3603
49956	3604
49956	3605
49956	3606
49956	3607
49956	3608
49956	3609
49956	3610
49956	3611
49956	3612
49956	3613
49956	3614
49956	3615
49956	3616
49956	3617
49956	3618
49956	3619
49956	3620
49956	3621
49956	3622
49956	3623
49956	3624
49956	3625
49956	3626
49957	3627
49957	3628
49957	3629
49957	3630
49957	3631
49957	3632
49957	3633
49957	3634
49957	3635
49957	3636
49957	3637
49957	3638
49957	3639
49957	3640
49957	3641
49957	3642
49957	3643
49957	3644
49957	3645
49957	3646
49957	3647
49957	3648
49957	3649
49957	3650
49957	3651
49957	3652
49957	3653
49957	3654
49957	3655
49957	3656
49957	3657
49957	3658
49957	3659
49957	3660
49957	3661
49957	3662
49957	3663
49957	3664
49957	3665
49957	3666
49957	3667
49957	3668
49957	3669
49957	3670
49957	3671
49957	3672
49957	3673
49957	3674
49957	3675
49957	3676
49957	3677
49957	3678
49957	3679
49957	3680
49957	3681
49957	3682
49957	3683
49957	3684
49957	3685
49957	3686
49957	3687
49957	3688
49957	3689
49957	3690
49957	3691
49957	3692
49957	3693
49957	3694
49957	3695
49958	3696
49958	3697
49958	3698
49958	3699
49958	3700
49958	3701
49958	3702
49958	3703
49958	3704
49958	3705
49958	3706
49958	3707
49958	3708
49958	3709
49958	3710
49958	3711
49958	3712
49958	3713
49958	3714
49958	3715
49958	3716
49958	3717
49958	3718
49958	3719
49958	3720
49958	3721
49958	3722
49958	3723
49958	3724
49958	3725
49958	3726
49958	3727
49958	3728
49958	3729
49958	3730
49958	3731
49958	3732
49958	3733
49958	3734
49958	3735
49958	3736
49958	3737
49958	3738
49958	3739
49958	3740
49958	3741
49958	3742
49958	3743
49958	3744
49958	3745
49958	3746
49958	3747
49958	3748
49958	3749
49958	3750
49958	3751
49958	3752
49958	3753
49958	3754
49958	3755
49958	3756
49958	3757
49959	3758
49959	3759
49959	3760
49959	3761
49959	3762
49959	3763
49959	3764
49959	3765
49959	3766
49959	3767
49959	3768
49959	3769
49959	3770
49959	3771
49959	3772
49959	3773
49959	3774
49959	3775
49959	3776
49959	3777
49959	3778
49959	3779
49959	3780
49959	3781
49959	3782
49959	3783
49959	3784
49959	3785
49959	3786
49959	3787
49959	3788
49959	3789
49959	3790
49959	3791
49959	3792
49959	3793
49959	3794
49959	3795
49959	3796
49959	3797
49959	3798
49959	3799
49959	3800
49959	3801
49959	3802
49959	3803
49959	3804
49959	3805
49959	3806
49959	3807
49959	3808
49959	3809
49959	3810
49959	3811
49959	3812
49959	3813
49959	3814
49959	3815
49959	3816
49959	3817
49959	3818
49959	3819
49959	3820
49959	3821
49959	3822
49959	3823
49959	3824
49959	3825
49959	3826
49959	3827
49959	3828
49959	3829
49959	3830
49959	3831
49959	3832
49959	3833
49959	3834
49959	3835
49959	3836
49959	3837
49959	3838
49959	3839
49959	3840
49959	3841
49959	3842
49959	3843
49959	3844
49959	3845
49959	3846
49959	3847
49959	3848
49959	3849
49959	3850
49960	3851
49960	3852
49960	3853
49960	3854
49960	3855
49960	3856
49960	3857
49960	3858
49960	3859
49960	3860
49960	3861
49960	3862
49960	3863
49960	3864
49960	3865
49960	3866
49960	3867
49960	3868
49960	3869
49960	3870
49960	3871
49960	3872
49960	3873
49960	3874
49960	3875
49960	3876
49960	3877
49960	3878
49960	3879
49960	3880
49960	3881
49960	3882
49960	3883
49960	3884
49960	3885
49960	3886
49960	3887
49960	3888
49960	3889
49960	3890
49960	3891
49960	3892
49960	3893
49960	3894
49960	3895
49960	3896
49960	3897
49960	3898
49960	3899
49960	3900
49960	3901
49960	3902
49960	3903
49960	3904
49960	3905
49960	3906
49960	3907
49960	3908
49960	3909
49960	3910
49960	3911
49960	3912
49960	3913
49960	3914
49960	3915
49960	3916
49960	3917
49960	3918
49960	3919
49960	3920
49960	3921
49960	3922
49960	3923
49960	3924
49960	3925
49960	3926
49960	3927
49961	3928
49961	3929
49961	3930
49961	3931
49961	3932
49961	3933
49961	3934
49961	3935
49961	3936
49961	3937
49961	3938
49961	3939
49961	3940
49961	3941
49961	3942
49961	3943
49961	3944
49961	3945
49961	3946
49961	3947
49961	3948
49961	3949
49961	3950
49961	3951
49961	3952
49961	3953
49961	3954
49961	3955
49961	3956
49961	3957
49961	3958
49961	3959
49961	3960
49961	3961
49961	3962
49961	3963
49961	3964
49961	3965
49961	3966
49961	3967
49961	3968
49961	3969
49961	3970
49961	3971
49961	3972
49961	3973
49961	3974
49961	3975
49961	3976
49961	3977
49961	3978
49961	3979
49961	3980
49961	3981
49961	3982
49961	3983
49961	3984
49961	3985
49961	3986
49961	3987
49961	3988
49961	3989
49961	3990
49961	3991
49961	3992
49961	3993
49961	3994
49961	3995
49961	3996
49961	3997
49961	3998
49962	3999
49962	4000
49962	4001
49962	4002
49962	4003
49962	4004
49962	4005
49962	4006
49962	4007
49962	4008
49962	4009
49962	4010
49962	4011
49962	4012
49962	4013
49962	4014
49962	4015
49962	4016
49962	4017
49962	4018
49962	4019
49962	4020
49962	4021
49962	4022
49962	4023
49962	4024
49962	4025
49962	4026
49962	4027
49962	4028
49962	4029
49962	4030
49962	4031
49962	4032
49962	4033
49962	4034
49962	4035
49962	4036
49962	4037
49962	4038
49962	4039
49962	4040
49962	4041
49962	4042
49962	4043
49962	4044
49962	4045
49962	4046
49962	4047
49962	4048
49962	4049
49962	4050
49962	4051
49962	4052
49962	4053
49962	4054
49962	4055
49962	4056
49962	4057
49962	4058
49962	4059
49962	4060
49962	4061
49962	4062
49962	4063
49962	4064
49962	4065
49962	4066
49962	4067
49962	4068
49962	4069
49962	4070
49962	4071
49962	4072
49962	4073
49962	4074
49962	4075
49962	4076
49962	4077
49962	4078
49962	4079
49962	4080
49962	4081
49962	4082
49962	4083
49962	4084
49962	4085
49962	4086
49962	4087
49962	4088
49962	4089
49963	4090
49963	4091
49963	4092
49963	4093
49963	4094
49963	4095
49963	4096
49963	4097
49963	4098
49963	4099
49963	4100
49963	4101
49963	4102
49963	4103
49963	4104
49963	4105
49963	4106
49963	4107
49963	4108
49963	4109
49963	4110
49963	4111
49963	4112
49963	4113
49963	4114
49963	4115
49963	4116
49963	4117
49963	4118
49963	4119
49963	4120
49963	4121
49963	4122
49963	4123
49963	4124
49963	4125
49963	4126
49963	4127
49963	4128
49963	4129
49963	4130
49963	4131
49963	4132
49963	4133
49963	4134
49963	4135
49963	4136
49963	4137
49963	4138
49963	4139
49963	4140
49963	4141
49963	4142
49963	4143
49963	4144
49963	4145
49963	4146
49963	4147
49963	4148
49963	4149
49963	4150
49963	4151
49963	4152
49963	4153
49963	4154
49963	4155
49963	4156
49963	4157
49964	4158
49964	4159
49964	4160
49964	4161
49964	4162
49964	4163
49964	4164
49964	4165
49964	4166
49964	4167
49964	4168
49964	4169
49964	4170
49964	4171
49964	4172
49964	4173
49964	4174
49964	4175
49964	4176
49964	4177
49964	4178
49964	4179
49964	4180
49964	4181
49964	4182
49964	4183
49964	4184
49964	4185
49964	4186
49964	4187
49964	4188
49964	4189
49964	4190
49964	4191
49964	4192
49964	4193
49964	4194
49964	4195
49964	4196
49964	4197
49964	4198
49964	4199
49964	4200
49964	4201
49964	4202
49964	4203
49964	4204
49964	4205
49964	4206
49964	4207
49964	4208
49964	4209
49964	4210
49964	4211
49964	4212
49964	4213
49964	4214
49964	4215
49964	4216
49964	4217
49964	4218
49964	4219
49964	4220
49964	4221
49964	4222
49964	4223
49964	4224
49964	4225
49964	4226
49964	4227
49964	4228
49964	4229
49964	4230
49964	4231
49964	4232
49964	4233
49964	4234
49964	4235
49964	4236
49964	4237
49964	4238
49964	4239
49965	4240
49965	4241
49965	4242
49965	4243
49965	4244
49965	4245
49965	4246
49965	4247
49965	4248
49965	4249
49965	4250
49965	4251
49965	4252
49965	4253
49965	4254
49965	4255
49965	4256
49965	4257
49965	4258
49965	4259
49965	4260
49965	4261
49965	4262
49965	4263
49965	4264
49965	4265
49965	4266
49965	4267
49965	4268
49965	4269
49965	4270
49965	4271
49965	4272
49965	4273
49965	4274
49965	4275
49965	4276
49965	4277
49965	4278
49965	4279
49965	4280
49965	4281
49965	4282
49965	4283
49965	4284
49965	4285
49965	4286
49965	4287
49965	4288
49965	4289
49965	4290
49965	4291
49965	4292
49965	4293
49965	4294
49965	4295
49965	4296
49965	4297
49965	4298
49965	4299
49965	4300
49965	4301
49965	4302
49965	4303
49965	4304
49965	4305
49965	4306
49965	4307
49965	4308
49966	4309
49966	4310
49966	4311
49966	4312
49966	4313
49966	4314
49966	4315
49966	4316
49966	4317
49966	4318
49966	4319
49966	4320
49966	4321
49966	4322
49966	4323
49966	4324
49966	4325
49966	4326
49966	4327
49966	4328
49966	4329
49966	4330
49966	4331
49966	4332
49966	4333
49966	4334
49966	4335
49966	4336
49966	4337
49966	4338
49966	4339
49966	4340
49966	4341
49966	4342
49966	4343
49966	4344
49966	4345
49966	4346
49966	4347
49966	4348
49966	4349
49966	4350
49966	4351
49966	4352
49966	4353
49966	4354
49966	4355
49966	4356
49966	4357
49966	4358
49966	4359
49966	4360
49966	4361
49966	4362
49966	4363
49966	4364
49966	4365
49966	4366
49966	4367
49966	4368
49967	4369
49967	4370
49967	4371
49967	4372
49967	4373
49967	4374
49967	4375
49967	4376
49967	4377
49967	4378
49967	4379
49967	4380
49967	4381
49967	4382
49967	4383
49967	4384
49967	4385
49967	4386
49967	4387
49967	4388
49967	4389
49967	4390
49967	4391
49967	4392
49967	4393
49967	4394
49967	4395
49967	4396
49967	4397
49967	4398
49967	4399
49967	4400
49967	4401
49967	4402
49967	4403
49967	4404
49967	4405
49967	4406
49967	4407
49967	4408
49967	4409
49967	4410
49967	4411
49967	4412
49967	4413
49967	4414
49967	4415
49967	4416
49967	4417
49967	4418
49967	4419
49967	4420
49967	4421
49967	4422
49967	4423
49967	4424
49967	4425
49967	4426
49967	4427
49967	4428
49967	4429
49967	4430
49967	4431
49967	4432
49967	4433
49967	4434
49967	4435
49967	4436
49967	4437
49967	4438
49968	4439
49968	4440
49968	4441
49968	4442
49968	4443
49968	4444
49968	4445
49968	4446
49968	4447
49968	4448
49968	4449
49968	4450
49968	4451
49968	4452
49968	4453
49968	4454
49968	4455
49968	4456
49968	4457
49968	4458
49968	4459
49968	4460
49968	4461
49968	4462
49968	4463
49968	4464
49968	4465
49968	4466
49968	4467
49968	4468
49968	4469
49968	4470
49968	4471
49968	4472
49968	4473
49968	4474
49968	4475
49968	4476
49968	4477
49968	4478
49968	4479
49968	4480
49968	4481
49968	4482
49968	4483
49968	4484
49968	4485
49968	4486
49968	4487
49968	4488
49968	4489
49968	4490
49968	4491
49968	4492
49968	4493
49969	4494
49969	4495
49969	4496
49969	4497
49969	4498
49969	4499
49969	4500
49969	4501
49969	4502
49969	4503
49969	4504
49969	4505
49969	4506
49969	4507
49969	4508
49969	4509
49969	4510
49969	4511
49969	4512
49969	4513
49969	4514
49969	4515
49969	4516
49969	4517
49969	4518
49969	4519
49969	4520
49969	4521
49969	4522
49969	4523
49969	4524
49969	4525
49969	4526
49969	4527
49969	4528
49969	4529
49969	4530
49969	4531
49969	4532
49969	4533
49969	4534
49969	4535
49969	4536
49969	4537
49969	4538
49969	4539
49969	4540
49969	4541
49969	4542
49969	4543
49969	4544
49969	4545
49969	4546
49969	4547
49969	4548
49969	4549
49969	4550
49969	4551
49970	4552
49970	4553
49970	4554
49970	4555
49970	4556
49970	4557
49970	4558
49970	4559
49970	4560
49970	4561
49970	4562
49970	4563
49970	4564
49970	4565
49970	4566
49970	4567
49970	4568
49970	4569
49970	4570
49970	4571
49970	4572
49970	4573
49970	4574
49970	4575
49970	4576
49970	4577
49970	4578
49970	4579
49970	4580
49970	4581
49970	4582
49970	4583
49970	4584
49970	4585
49970	4586
49970	4587
49970	4588
49970	4589
49970	4590
49970	4591
49970	4592
49970	4593
49970	4594
49970	4595
49970	4596
49970	4597
49970	4598
49970	4599
49970	4600
49970	4601
49970	4602
49970	4603
49970	4604
49970	4605
49970	4606
49970	4607
49970	4608
49970	4609
49970	4610
49970	4611
49970	4612
49970	4613
49970	4614
49970	4615
49971	4616
49971	4617
49971	4618
49971	4619
49971	4620
49971	4621
49971	4622
49971	4623
49971	4624
49971	4625
49971	4626
49971	4627
49971	4628
49971	4629
49971	4630
49971	4631
49971	4632
49971	4633
49971	4634
49971	4635
49971	4636
49971	4637
49971	4638
49971	4639
49971	4640
49971	4641
49971	4642
49971	4643
49971	4644
49971	4645
49971	4646
49971	4647
49971	4648
49971	4649
49971	4650
49971	4651
49971	4652
49971	4653
49971	4654
49971	4655
49971	4656
49971	4657
49971	4658
49971	4659
49971	4660
49971	4661
49971	4662
49971	4663
49971	4664
49971	4665
49971	4666
49971	4667
49971	4668
49971	4669
49971	4670
49971	4671
49971	4672
49971	4673
49971	4674
49971	4675
49972	4676
49972	4677
49972	4678
49972	4679
49972	4680
49972	4681
49972	4682
49972	4683
49972	4684
49972	4685
49972	4686
49972	4687
49972	4688
49972	4689
49972	4690
49972	4691
49972	4692
49972	4693
49972	4694
49972	4695
49972	4696
49972	4697
49972	4698
49972	4699
49972	4700
49972	4701
49972	4702
49972	4703
49972	4704
49972	4705
49972	4706
49972	4707
49972	4708
49972	4709
49972	4710
49972	4711
49972	4712
49972	4713
49972	4714
49972	4715
49972	4716
49972	4717
49972	4718
49972	4719
49972	4720
49972	4721
49972	4722
49972	4723
49972	4724
49972	4725
49972	4726
49972	4727
49972	4728
49972	4729
49972	4730
49972	4731
49972	4732
49972	4733
49972	4734
49972	4735
49973	4736
49973	4737
49973	4738
49973	4739
49973	4740
49973	4741
49973	4742
49973	4743
49973	4744
49973	4745
49973	4746
49973	4747
49973	4748
49973	4749
49973	4750
49973	4751
49973	4752
49973	4753
49973	4754
49973	4755
49973	4756
49973	4757
49973	4758
49973	4759
49973	4760
49973	4761
49973	4762
49973	4763
49973	4764
49973	4765
49973	4766
49973	4767
49973	4768
49973	4769
49973	4770
49973	4771
49973	4772
49973	4773
49973	4774
49973	4775
49973	4776
49973	4777
49973	4778
49973	4779
49973	4780
49973	4781
49973	4782
49973	4783
49973	4784
49973	4785
49973	4786
49973	4787
49973	4788
49973	4789
49973	4790
49973	4791
49973	4792
49973	4793
49974	4794
49974	4795
49974	4796
49974	4797
49974	4798
49974	4799
49974	4800
49974	4801
49974	4802
49974	4803
49974	4804
49974	4805
49974	4806
49974	4807
49974	4808
49974	4809
49974	4810
49974	4811
49974	4812
49974	4813
49974	4814
49974	4815
49974	4816
49974	4817
49974	4818
49974	4819
49974	4820
49974	4821
49974	4822
49974	4823
49974	4824
49974	4825
49974	4826
49974	4827
49974	4828
49974	4829
49974	4830
49974	4831
49974	4832
49974	4833
49974	4834
49974	4835
49975	4836
49975	4837
49975	4838
49975	4839
49975	4840
49975	4841
49975	4842
49975	4843
49975	4844
49975	4845
49975	4846
49975	4847
49975	4848
49975	4849
49975	4850
49975	4851
49975	4852
49975	4853
49975	4854
49975	4855
49975	4856
49975	4857
49975	4858
49975	4859
49975	4860
49975	4861
49975	4862
49975	4863
49975	4864
49975	4865
49975	4866
49975	4867
49975	4868
49975	4869
49975	4870
49975	4871
49975	4872
49975	4873
49975	4874
49975	4875
49975	4876
49975	4877
49975	4878
49975	4879
49975	4880
49975	4881
49975	4882
49975	4883
49975	4884
49975	4885
49975	4886
49975	4887
49975	4888
49975	4889
49975	4890
49975	4891
49975	4892
49975	4893
49975	4894
49975	4895
49975	4896
49975	4897
49975	4898
49975	4899
49975	4900
49975	4901
49975	4902
49975	4903
49976	4904
49976	4905
49976	4906
49976	4907
49976	4908
49976	4909
49976	4910
49976	4911
49976	4912
49976	4913
49976	4914
49976	4915
49976	4916
49976	4917
49976	4918
49976	4919
49976	4920
49976	4921
49976	4922
49976	4923
49976	4924
49976	4925
49976	4926
49976	4927
49976	4928
49976	4929
49976	4930
49976	4931
49976	4932
49976	4933
49976	4934
49976	4935
49976	4936
49976	4937
49976	4938
49976	4939
49976	4940
49976	4941
49976	4942
49976	4943
49976	4944
49976	4945
49976	4946
49976	4947
49976	4948
49976	4949
49976	4950
49976	4951
49976	4952
49976	4953
49976	4954
49976	4955
49976	4956
49976	4957
49976	4958
49976	4959
49976	4960
49976	4961
49976	4962
49976	4963
49976	4964
49976	4965
49976	4966
49977	4967
49977	4968
49977	4969
49977	4970
49977	4971
49977	4972
49977	4973
49977	4974
49977	4975
49977	4976
49977	4977
49977	4978
49977	4979
49977	4980
49977	4981
49977	4982
49977	4983
49977	4984
49977	4985
49977	4986
49977	4987
49977	4988
49977	4989
49977	4990
49977	4991
49977	4992
49977	4993
49977	4994
49977	4995
49977	4996
49977	4997
49977	4998
49977	4999
49977	5000
49977	5001
49977	5002
49977	5003
49977	5004
49977	5005
49977	5006
49977	5007
49977	5008
49977	5009
49977	5010
49977	5011
49977	5012
49977	5013
49977	5014
49977	5015
49977	5016
49977	5017
49977	5018
49977	5019
49977	5020
49977	5021
49977	5022
49977	5023
49977	5024
49978	5025
49978	5026
49978	5027
49978	5028
49978	5029
49978	5030
49978	5031
49978	5032
49978	5033
49978	5034
49978	5035
49978	5036
49978	5037
49978	5038
49978	5039
49978	5040
49978	5041
49978	5042
49978	5043
49978	5044
49978	5045
49978	5046
49978	5047
49978	5048
49978	5049
49978	5050
49978	5051
49978	5052
49978	5053
49978	5054
49978	5055
49978	5056
49978	5057
49978	5058
49978	5059
49978	5060
49978	5061
49978	5062
49978	5063
49978	5064
49978	5065
49978	5066
49978	5067
49978	5068
49978	5069
49978	5070
49978	5071
49978	5072
49978	5073
49978	5074
49978	5075
49979	5076
49979	5077
49979	5078
49979	5079
49979	5080
49979	5081
49979	5082
49979	5083
49979	5084
49979	5085
49979	5086
49979	5087
49979	5088
49979	5089
49979	5090
49979	5091
49979	5092
49979	5093
49979	5094
49979	5095
49979	5096
49979	5097
49979	5098
49979	5099
49979	5100
49979	5101
49979	5102
49979	5103
49979	5104
49979	5105
49979	5106
49979	5107
49979	5108
49979	5109
49979	5110
49979	5111
49979	5112
49979	5113
49979	5114
49979	5115
49979	5116
49979	5117
49979	5118
49979	5119
49979	5120
49979	5121
49980	5122
49980	5123
49980	5124
49980	5125
49980	5126
49980	5127
49980	5128
49980	5129
49980	5130
49980	5131
49980	5132
49980	5133
49980	5134
49980	5135
49980	5136
49980	5137
49980	5138
49980	5139
49980	5140
49980	5141
49980	5142
49980	5143
49980	5144
49980	5145
49980	5146
49980	5147
49980	5148
49980	5149
49980	5150
49980	5151
49980	5152
49980	5153
49980	5154
49980	5155
49980	5156
49980	5157
49980	5158
49980	5159
49980	5160
49980	5161
49980	5162
49980	5163
49980	5164
49980	5165
49980	5166
49980	5167
49980	5168
49980	5169
49981	5170
49981	5171
49981	5172
49981	5173
49981	5174
49981	5175
49981	5176
49981	5177
49981	5178
49981	5179
49981	5180
49981	5181
49981	5182
49981	5183
49981	5184
49981	5185
49981	5186
49981	5187
49981	5188
49981	5189
49981	5190
49981	5191
49981	5192
49981	5193
49981	5194
49981	5195
49981	5196
49981	5197
49981	5198
49981	5199
49981	5200
49981	5201
49981	5202
49981	5203
49981	5204
49981	5205
49981	5206
49981	5207
49981	5208
49981	5209
49981	5210
49981	5211
49981	5212
49981	5213
49981	5214
49981	5215
49981	5216
49981	5217
49982	5218
49982	5219
49982	5220
49982	5221
49982	5222
49982	5223
49982	5224
49982	5225
49982	5226
49982	5227
49982	5228
49982	5229
49982	5230
49982	5231
49982	5232
49982	5233
49982	5234
49982	5235
49982	5236
49982	5237
49982	5238
49982	5239
49982	5240
49982	5241
49982	5242
49982	5243
49982	5244
49982	5245
49982	5246
49982	5247
49982	5248
49982	5249
49982	5250
49982	5251
49982	5252
49982	5253
49982	5254
49982	5255
49982	5256
49982	5257
49983	5258
49983	5259
49983	5260
49983	5261
49983	5262
49983	5263
49983	5264
49983	5265
49983	5266
49983	5267
49983	5268
49983	5269
49983	5270
49983	5271
49983	5272
49983	5273
49983	5274
49983	5275
49983	5276
49983	5277
49983	5278
49983	5279
49983	5280
49983	5281
49983	5282
49983	5283
49983	5284
49983	5285
49983	5286
49983	5287
49983	5288
49983	5289
49983	5290
49983	5291
49983	5292
49983	5293
49983	5294
49984	5295
49984	5296
49984	5297
49984	5298
49984	5299
49984	5300
49984	5301
49984	5302
49984	5303
49984	5304
49984	5305
49984	5306
49984	5307
49984	5308
49984	5309
49984	5310
49984	5311
49984	5312
49984	5313
49984	5314
49984	5315
49984	5316
49984	5317
49984	5318
49984	5319
49984	5320
49984	5321
49984	5322
49984	5323
49984	5324
49984	5325
49984	5326
49984	5327
49984	5328
49984	5329
49984	5330
49984	5331
49985	5332
49985	5333
49985	5334
49985	5335
49985	5336
49985	5337
49985	5338
49985	5339
49985	5340
49985	5341
49985	5342
49985	5343
49985	5344
49985	5345
49985	5346
49985	5347
49985	5348
49985	5349
49985	5350
49985	5351
49985	5352
49985	5353
49985	5354
49985	5355
49985	5356
49985	5357
49985	5358
49985	5359
49985	5360
49986	5361
49986	5362
49986	5363
49986	5364
49986	5365
49986	5366
49986	5367
49986	5368
49986	5369
49986	5370
49986	5371
49986	5372
49986	5373
49986	5374
49986	5375
49986	5376
49986	5377
49986	5378
49986	5379
49986	5380
49986	5381
49986	5382
49986	5383
49986	5384
49986	5385
49986	5386
49986	5387
49986	5388
49986	5389
49986	5390
49986	5391
49986	5392
49986	5393
49986	5394
49986	5395
49986	5396
49986	5397
49987	5398
49987	5399
49987	5400
49987	5401
49987	5402
49987	5403
49987	5404
49987	5405
49987	5406
49987	5407
49987	5408
49987	5409
49987	5410
49987	5411
49987	5412
49987	5413
49987	5414
49987	5415
49987	5416
49987	5417
49987	5418
49987	5419
49987	5420
49987	5421
49987	5422
49987	5423
49987	5424
49987	5425
49988	5426
49988	5427
49988	5428
49988	5429
49988	5430
49988	5431
49988	5432
49988	5433
49988	5434
49988	5435
49988	5436
49988	5437
49988	5438
49988	5439
49988	5440
49988	5441
49988	5442
49988	5443
49988	5444
49988	5445
49988	5446
49988	5447
49988	5448
49988	5449
49988	5450
49988	5451
49988	5452
49988	5453
49988	5454
49988	5455
49988	5456
49988	5457
49988	5458
49988	5459
49988	5460
49988	5461
49988	5462
49988	5463
49988	5464
49988	5465
49988	5466
49988	5467
49988	5468
49988	5469
49988	5470
49989	5471
49989	5472
49989	5473
49989	5474
49989	5475
49989	5476
49989	5477
49989	5478
49989	5479
49989	5480
49989	5481
49989	5482
49989	5483
49989	5484
49989	5485
49989	5486
49989	5487
49989	5488
49989	5489
49989	5490
49989	5491
49989	5492
49989	5493
49989	5494
49989	5495
49989	5496
49989	5497
49989	5498
49989	5499
49990	5500
49990	5501
49990	5502
49990	5503
49990	5504
49990	5505
49990	5506
49990	5507
49990	5508
49990	5509
49990	5510
49990	5511
49990	5512
49990	5513
49990	5514
49990	5515
49990	5516
49990	5517
49990	5518
49990	5519
49990	5520
49990	5521
49990	5522
49990	5523
49990	5524
49990	5525
49990	5526
49990	5527
49990	5528
49990	5529
49990	5530
49990	5531
49990	5532
49990	5533
49990	5534
49990	5535
49991	5536
49991	5537
49991	5538
49991	5539
49991	5540
49991	5541
49991	5542
49991	5543
49991	5544
49991	5545
49991	5546
49991	5547
49991	5548
49991	5549
49991	5550
49991	5551
49991	5552
49991	5553
49991	5554
49991	5555
49991	5556
49991	5557
49991	5558
49991	5559
49991	5560
49992	5561
49992	5562
49992	5563
49992	5564
49992	5565
49992	5566
49992	5567
49992	5568
49992	5569
49992	5570
49992	5571
49992	5572
49992	5573
49992	5574
49992	5575
49992	5576
49992	5577
49992	5578
49992	5579
49992	5580
49992	5581
49992	5582
49993	5583
49993	5584
49993	5585
49993	5586
49993	5587
49993	5588
49993	5589
49993	5590
49993	5591
49993	5592
49993	5593
49993	5594
49993	5595
49993	5596
49993	5597
49993	5598
49993	5599
49993	5600
49993	5601
49993	5602
49993	5603
49993	5604
49993	5605
49993	5606
49993	5607
49993	5608
49993	5609
49993	5610
49993	5611
49993	5612
49994	5613
49994	5614
49994	5615
49994	5616
49994	5617
49994	5618
49994	5619
49994	5620
49994	5621
49994	5622
49994	5623
49994	5624
49994	5625
49994	5626
49994	5627
49994	5628
49994	5629
49994	5630
49994	5631
49995	5632
49995	5633
49995	5634
49995	5635
49995	5636
49995	5637
49995	5638
49995	5639
49995	5640
49995	5641
49995	5642
49995	5643
49995	5644
49995	5645
49995	5646
49995	5647
49996	5648
49996	5649
49996	5650
49996	5651
49996	5652
49996	5653
49996	5654
49996	5655
49996	5656
49996	5657
49997	5658
49997	5659
49997	5660
49997	5661
49997	5662
49997	5663
49997	5664
49997	5665
49997	5666
49997	5667
49997	5668
49997	5669
49997	5670
49997	5671
49997	5672
49997	5673
49998	5674
49998	5675
49998	5676
49998	5677
49998	5678
49999	5679
